#Date        Time         gpu     sm    mem    enc    dec    jpg    ofa     fb   bar1   ccpm 
#YYYYMMDD    HH:MM:SS     Idx      %      %      %      %      %      %     MB     MB     MB 
 20260725    16:37:23       0      0      0      0      0      0      0     44      4      0 
 20260725    16:37:24       0      0      0      0      0      0      0     44      4      0 
 20260725    16:37:25       0      0      0      0      0      0      0     44      4      0 
 20260725    16:37:26       0      0      0      0      0      0      0   4638     20      0 
 20260725    16:37:27       0     97      0      0      0      0      0   5914     20      0 
 20260725    16:37:28       0     16      1      0      0      0      0   9792     20      0 
 20260725    16:37:29       0     89     26      0      0      0      0  13018     20      0 
 20260725    16:37:30       0     89     62      0      0      0      0  22360     20      0 
 20260725    16:37:31       0    100     60      0      0      0      0  24268     20      0 
 20260725    16:37:32       0     99     55      0      0      0      0  22364     20      0 
 20260725    16:37:33       0    100     50      0      0      0      0  19752     20      0 
 20260725    16:37:34       0     96     49      0      0      0      0  19778     20      0 
 20260725    16:37:35       0     97     55      0      0      0      0  20006     20      0 
 20260725    16:37:36       0     97     51      0      0      0      0  19060     20      0 
 20260725    16:37:37       0     97     66      0      0      0      0  21584     20      0 
 20260725    16:37:38       0     94     45      0      0      0      0  21592     20      0 
 20260725    16:37:39       0     94     48      0      0      0      0  21588     20      0 
 20260725    16:37:40       0     96     55      0      0      0      0  21592     20      0 
 20260725    16:37:41       0     98     59      0      0      0      0  21590     20      0 
 20260725    16:37:42       0     97     56      0      0      0      0  20010     20      0 
 20260725    16:37:43       0     98     57      0      0      0      0  21592     20      0 
 20260725    16:37:44       0     99     60      0      0      0      0  21584     20      0 
 20260725    16:37:45       0     99     64      0      0      0      0  21588     20      0 
 20260725    16:37:46       0     99     62      0      0      0      0  20000     20      0 
 20260725    16:37:47       0     99     63      0      0      0      0  21580     20      0 
 20260725    16:37:48       0     94     64      0      0      0      0  21584     20      0 
 20260725    16:37:49       0     97     53      0      0      0      0  19060     20      0 
 20260725    16:37:50       0     92     40      0      0      0      0  20014     20      0 
 20260725    16:37:51       0     92     32      0      0      0      0  21588     20      0 
 20260725    16:37:52       0     94     49      0      0      0      0  21594     20      0 
 20260725    16:37:53       0     88     43      0      0      0      0  21592     20      0 
 20260725    16:37:54       0     98     59      0      0      0      0  21592     20      0 
 20260725    16:37:55       0     99     63      0      0      0      0  21592     20      0 
 20260725    16:37:56       0     97     61      0      0      0      0  20016     20      0 
 20260725    16:37:57       0     98     61      0      0      0      0  21588     20      0 
 20260725    16:37:58       0     98     58      0      0      0      0  21590     20      0 
 20260725    16:37:59       0     98     60      0      0      0      0  21588     20      0 
 20260725    16:38:00       0     99     60      0      0      0      0  21580     20      0 
 20260725    16:38:01       0     98     59      0      0      0      0  20006     20      0 
 20260725    16:38:02       0     98     54      0      0      0      0  21582     20      0 
 20260725    16:38:03       0     99     61      0      0      0      0  21592     20      0 
 20260725    16:38:04       0     99     62      0      0      0      0  21576     20      0 
 20260725    16:38:05       0     44     22      0      0      0      0  21584     20      0 
 20260725    16:38:06       0     92     59      0      0      0      0  21588     20      0 
#Date        Time         gpu     sm    mem    enc    dec    jpg    ofa     fb   bar1   ccpm 
#YYYYMMDD    HH:MM:SS     Idx      %      %      %      %      %      %     MB     MB     MB 
 20260725    16:38:07       0     79     26      0      0      0      0  21592     20      0 
 20260725    16:38:08       0     96     50      0      0      0      0  20626     20      0 
 20260725    16:38:09       0     95     47      0      0      0      0  21592     20      0 
 20260725    16:38:10       0     95     51      0      0      0      0  21590     20      0 
 20260725    16:38:11       0     97     51      0      0      0      0  21592     20      0 
 20260725    16:38:12       0     98     58      0      0      0      0  20010     20      0 
 20260725    16:38:13       0     99     64      0      0      0      0  21588     20      0 
 20260725    16:38:14       0     98     56      0      0      0      0  21596     20      0 
 20260725    16:38:15       0     98     59      0      0      0      0  21588     20      0 
 20260725    16:38:16       0     99     64      0      0      0      0  21588     20      0 
 20260725    16:38:17       0     99     61      0      0      0      0  20014     20      0 
 20260725    16:38:18       0     99     61      0      0      0      0  21590     20      0 
 20260725    16:38:19       0     99     60      0      0      0      0  21592     20      0 
 20260725    16:38:20       0     99     62      0      0      0      0  21588     20      0 
 20260725    16:38:21       0     97     58      0      0      0      0  18434     20      0 
 20260725    16:38:22       0     98     56      0      0      0      0  21588     20      0 
 20260725    16:38:23       0     97     58      0      0      0      0  21584     20      0 
 20260725    16:38:24       0     97     49      0      0      0      0  18438     20      0 
 20260725    16:38:25       0     99     64      0      0      0      0  20006     20      0 
 20260725    16:38:26       0     98     55      0      0      0      0  21588     20      0 
 20260725    16:38:27       0     98     61      0      0      0      0  21590     20      0 
 20260725    16:38:28       0     98     57      0      0      0      0  21588     20      0 
 20260725    16:38:29       0     97     61      0      0      0      0  20006     20      0 
 20260725    16:38:30       0     99     63      0      0      0      0  21588     20      0 
 20260725    16:38:31       0     97     67      0      0      0      0  21592     20      0 
 20260725    16:38:32       0     97     67      0      0      0      0  21584     20      0 
 20260725    16:38:33       0     96     50      0      0      0      0  20008     20      0 
 20260725    16:38:34       0     93     42      0      0      0      0  21584     20      0 
 20260725    16:38:35       0     98     59      0      0      0      0  20002     20      0 
 20260725    16:38:36       0     96     62      0      0      0      0  21592     20      0 
 20260725    16:38:37       0     99     65      0      0      0      0  21592     20      0 
 20260725    16:38:38       0     99     62      0      0      0      0  20014     20      0 
 20260725    16:38:39       0     99     63      0      0      0      0  21592     20      0 
 20260725    16:38:40       0    100     65      0      0      0      0  21590     20      0 
 20260725    16:38:41       0     99     65      0      0      0      0  21592     20      0 
 20260725    16:38:42       0     98     55      0      0      0      0  21584     20      0 
 20260725    16:38:43       0     98     60      0      0      0      0  21592     20      0 
 20260725    16:38:44       0     98     61      0      0      0      0  21592     20      0 
 20260725    16:38:45       0    100     65      0      0      0      0  21592     20      0 
 20260725    16:38:46       0    100     63      0      0      0      0  21592     20      0 
 20260725    16:38:47       0     99     67      0      0      0      0  21594     20      0 
 20260725    16:38:48       0     99     62      0      0      0      0  21592     20      0 
 20260725    16:38:49       0     99     62      0      0      0      0  21594     20      0 
 20260725    16:38:50       0     72     45      0      0      0      0  21590     20      0 
#Date        Time         gpu     sm    mem    enc    dec    jpg    ofa     fb   bar1   ccpm 
#YYYYMMDD    HH:MM:SS     Idx      %      %      %      %      %      %     MB     MB     MB 
 20260725    16:38:51       0     98     64      0      0      0      0  21594     20      0 
 20260725    16:38:52       0     10      6      0      0      0      0  21592     20      0 
 20260725    16:38:53       0     90     49      0      0      0      0  21592     20      0 
 20260725    16:38:54       0     79     20      0      0      0      0  21568     20      0 
 20260725    16:38:55       0     98     58      0      0      0      0  21590     20      0 
 20260725    16:38:56       0     98     58      0      0      0      0  18424     20      0 
 20260725    16:38:57       0     97     65      0      0      0      0  21594     20      0 
 20260725    16:38:58       0     96     55      0      0      0      0  21576     20      0 
 20260725    16:38:59       0     99     62      0      0      0      0  21592     20      0 
 20260725    16:39:00       0     99     61      0      0      0      0  19052     20      0 
 20260725    16:39:01       0     96     63      0      0      0      0  21592     20      0 
 20260725    16:39:02       0     99     58      0      0      0      0  21584     20      0 
 20260725    16:39:03       0     99     68      0      0      0      0  21592     20      0 
 20260725    16:39:04       0     99     61      0      0      0      0  20016     20      0 
 20260725    16:39:05       0     99     66      0      0      0      0  21590     20      0 
 20260725    16:39:06       0     99     62      0      0      0      0  21588     20      0 
 20260725    16:39:07       0     99     62      0      0      0      0  21588     20      0 
 20260725    16:39:08       0     98     65      0      0      0      0  18436     20      0 
 20260725    16:39:09       0     98     58      0      0      0      0  21592     20      0 
 20260725    16:39:10       0     98     56      0      0      0      0  20012     20      0 
 20260725    16:39:11       0     99     62      0      0      0      0  21592     20      0 
 20260725    16:39:12       0     97     65      0      0      0      0  21588     20      0 
 20260725    16:39:13       0     97     54      0      0      0      0  21592     20      0 
 20260725    16:39:14       0     94     44      0      0      0      0  21584     20      0 
 20260725    16:39:15       0     38     14      0      0      0      0  13704     20      0 
 20260725    16:39:16       0      0      0      0      0      0      0   4507     12      0 
 20260725    16:39:17       0      2      1      0      0      0      0     44      4      0 
 20260725    16:39:18       0      0      0      0      0      0      0     44      4      0 
 20260725    16:39:19       0      0      0      0      0      0      0     44      4      0 
 20260725    16:39:20       0      0      0      0      0      0      0     44      4      0 
 20260725    16:39:21       0      0      0      0      0      0      0     44      4      0 
