#Date        Time         gpu     sm    mem    enc    dec    jpg    ofa     fb   bar1   ccpm 
#YYYYMMDD    HH:MM:SS     Idx      %      %      %      %      %      %     MB     MB     MB 
 20260725    16:31:05       0      0      0      0      0      0      0     44      4      0 
 20260725    16:31:06       0      0      0      0      0      0      0     44      4      0 
 20260725    16:31:07       0      0      0      0      0      0      0     44      4      0 
 20260725    16:31:08       0      0      0      0      0      0      0   2417     12      0 
 20260725    16:31:09       0      7      0      0      0      0      0   4955     12      0 
 20260725    16:31:10       0     75     49      0      0      0      0   5043     12      0 
 20260725    16:31:11       0     87     43      0      0      0      0  10785     12      0 
 20260725    16:31:12       0     99     64      0      0      0      0   6313     12      0 
 20260725    16:31:13       0     75     31      0      0      0      0  10801     12      0 
 20260725    16:31:14       0     99     63      0      0      0      0  10817     12      0 
 20260725    16:31:15       0     97     65      0      0      0      0   9865     12      0 
 20260725    16:31:16       0     99     63      0      0      0      0  10817     12      0 
 20260725    16:31:17       0     99     63      0      0      0      0  10817     12      0 
 20260725    16:31:18       0     83     48      0      0      0      0  10817     12      0 
 20260725    16:31:19       0     67     41      0      0      0      0  10817     12      0 
 20260725    16:31:20       0     97     61      0      0      0      0  10813     12      0 
 20260725    16:31:21       0     99     62      0      0      0      0  10813     12      0 
 20260725    16:31:22       0     39     16      0      0      0      0  10817     12      0 
 20260725    16:31:23       0     74     22      0      0      0      0  10817     12      0 
 20260725    16:31:24       0     98     62      0      0      0      0  10805     12      0 
 20260725    16:31:25       0     94     54      0      0      0      0  10813     12      0 
 20260725    16:31:26       0     97     51      0      0      0      0  10809     12      0 
 20260725    16:31:27       0     97     57      0      0      0      0  10817     12      0 
 20260725    16:31:28       0     92     47      0      0      0      0  10817     12      0 
 20260725    16:31:29       0    100     65      0      0      0      0  10819     12      0 
 20260725    16:31:30       0     99     63      0      0      0      0  10817     12      0 
 20260725    16:31:31       0     99     64      0      0      0      0  10805     12      0 
 20260725    16:31:32       0     99     64      0      0      0      0  10813     12      0 
 20260725    16:31:33       0     88     42      0      0      0      0  10817     12      0 
 20260725    16:31:34       0     99     63      0      0      0      0  10815     12      0 
 20260725    16:31:35       0    100     65      0      0      0      0  10813     12      0 
 20260725    16:31:36       0     44     18      0      0      0      0  10817     12      0 
 20260725    16:31:37       0     99     64      0      0      0      0  10809     12      0 
 20260725    16:31:38       0     97     67      0      0      0      0   8285     12      0 
 20260725    16:31:39       0     75     48      0      0      0      0  10819     12      0 
 20260725    16:31:40       0     89     46      0      0      0      0  10819     12      0 
 20260725    16:31:41       0     85     35      0      0      0      0  10817     12      0 
 20260725    16:31:42       0     97     55      0      0      0      0  10817     12      0 
 20260725    16:31:43       0    100     66      0      0      0      0  10809     12      0 
 20260725    16:31:44       0     43     13      0      0      0      0  10817     12      0 
 20260725    16:31:45       0     99     63      0      0      0      0   9239     12      0 
 20260725    16:31:46       0    100     66      0      0      0      0  10815     12      0 
 20260725    16:31:47       0    100     65      0      0      0      0   9235     12      0 
 20260725    16:31:48       0     58     25      0      0      0      0  10817     12      0 
#Date        Time         gpu     sm    mem    enc    dec    jpg    ofa     fb   bar1   ccpm 
#YYYYMMDD    HH:MM:SS     Idx      %      %      %      %      %      %     MB     MB     MB 
 20260725    16:31:49       0     98     56      0      0      0      0  10817     12      0 
 20260725    16:31:50       0    100     65      0      0      0      0  10813     12      0 
 20260725    16:31:51       0     97     59      0      0      0      0  10813     12      0 
 20260725    16:31:52       0     97     54      0      0      0      0  10817     12      0 
 20260725    16:31:53       0     99     64      0      0      0      0  10817     12      0 
 20260725    16:31:54       0     91     57      0      0      0      0   9855     12      0 
 20260725    16:31:55       0     50     23      0      0      0      0  10813     12      0 
 20260725    16:31:56       0     87     55      0      0      0      0   9235     12      0 
 20260725    16:31:57       0     87     43      0      0      0      0   8285     12      0 
 20260725    16:31:58       0     49     25      0      0      0      0   8281     12      0 
 20260725    16:31:59       0    100     65      0      0      0      0  10811     12      0 
 20260725    16:32:00       0     54     21      0      0      0      0  10819     12      0 
 20260725    16:32:01       0     87     55      0      0      0      0  10817     12      0 
 20260725    16:32:02       0     99     63      0      0      0      0   9239     12      0 
 20260725    16:32:03       0     99     62      0      0      0      0   9239     12      0 
 20260725    16:32:04       0     93     54      0      0      0      0  10819     12      0 
 20260725    16:32:05       0    100     64      0      0      0      0  10817     12      0 
 20260725    16:32:06       0     96     62      0      0      0      0  10813     12      0 
 20260725    16:32:07       0     97     68      0      0      0      0   9239     12      0 
 20260725    16:32:08       0     78     46      0      0      0      0  10815     12      0 
 20260725    16:32:09       0     39     13      0      0      0      0   9239     12      0 
 20260725    16:32:10       0     96     55      0      0      0      0  10817     12      0 
 20260725    16:32:11       0     99     62      0      0      0      0  10819     12      0 
 20260725    16:32:12       0     85     49      0      0      0      0   9239     12      0 
 20260725    16:32:13       0     96     56      0      0      0      0   7757     12      0 
 20260725    16:32:14       0     67     49      0      0      0      0   9241     12      0 
 20260725    16:32:15       0     80     39      0      0      0      0  10813     12      0 
 20260725    16:32:16       0     85     43      0      0      0      0  10813     12      0 
 20260725    16:32:17       0     98     62      0      0      0      0   9239     12      0 
 20260725    16:32:18       0     99     63      0      0      0      0   8285     12      0 
 20260725    16:32:19       0     97     55      0      0      0      0  10817     12      0 
 20260725    16:32:20       0    100     64      0      0      0      0  10817     12      0 
 20260725    16:32:21       0     99     64      0      0      0      0  10817     12      0 
 20260725    16:32:22       0     99     65      0      0      0      0   9239     12      0 
 20260725    16:32:23       0     99     64      0      0      0      0   7657     12      0 
 20260725    16:32:24       0    100     64      0      0      0      0  10813     12      0 
 20260725    16:32:25       0     71     36      0      0      0      0  10813     12      0 
 20260725    16:32:26       0     73     39      0      0      0      0   9243     12      0 
 20260725    16:32:27       0     91     57      0      0      0      0  10817     12      0 
 20260725    16:32:28       0     57     34      0      0      0      0  10819     12      0 
 20260725    16:32:29       0     51     26      0      0      0      0  10817     12      0 
 20260725    16:32:30       0     76     28      0      0      0      0  10817     12      0 
 20260725    16:32:31       0    100     65      0      0      0      0  10817     12      0 
 20260725    16:32:32       0     98     60      0      0      0      0  10817     12      0 
#Date        Time         gpu     sm    mem    enc    dec    jpg    ofa     fb   bar1   ccpm 
#YYYYMMDD    HH:MM:SS     Idx      %      %      %      %      %      %     MB     MB     MB 
 20260725    16:32:33       0     53     25      0      0      0      0  10809     12      0 
 20260725    16:32:34       0     98     58      0      0      0      0  10817     12      0 
 20260725    16:32:35       0     99     65      0      0      0      0  10819     12      0 
 20260725    16:32:36       0     65     36      0      0      0      0  10817     12      0 
 20260725    16:32:37       0     97     61      0      0      0      0  10817     12      0 
 20260725    16:32:38       0     35      8      0      0      0      0  10815     12      0 
 20260725    16:32:39       0     67     35      0      0      0      0  10813     12      0 
 20260725    16:32:40       0     83     47      0      0      0      0  10817     12      0 
 20260725    16:32:41       0     97     65      0      0      0      0  10815     12      0 
 20260725    16:32:42       0     98     63      0      0      0      0  10809     12      0 
 20260725    16:32:43       0     99     64      0      0      0      0  10817     12      0 
 20260725    16:32:44       0     13      2      0      0      0      0  10817     12      0 
 20260725    16:32:45       0     61     22      0      0      0      0  10813     12      0 
 20260725    16:32:46       0     98     60      0      0      0      0  10817     12      0 
 20260725    16:32:47       0     94     52      0      0      0      0  10819     12      0 
 20260725    16:32:48       0     77     45      0      0      0      0  10813     12      0 
 20260725    16:32:49       0     99     62      0      0      0      0  10817     12      0 
 20260725    16:32:50       0     37     22      0      0      0      0  10817     12      0 
 20260725    16:32:51       0     46     11      0      0      0      0  10817     12      0 
 20260725    16:32:52       0    100     64      0      0      0      0   9239     12      0 
 20260725    16:32:53       0     99     63      0      0      0      0  10817     12      0 
 20260725    16:32:54       0     89     72      0      0      0      0  10809     12      0 
 20260725    16:32:55       0     98     54      0      0      0      0  10815     12      0 
 20260725    16:32:57       0     57     30      0      0      0      0  10813     12      0 
 20260725    16:32:58       0     98     56      0      0      0      0   9239     12      0 
 20260725    16:32:59       0     99     64      0      0      0      0   9235     12      0 
 20260725    16:33:00       0     84     48      0      0      0      0  10817     12      0 
 20260725    16:33:01       0     98     63      0      0      0      0   7661     12      0 
 20260725    16:33:02       0     43      7      0      0      0      0  10817     12      0 
 20260725    16:33:03       0     93     41      0      0      0      0   9863     12      0 
 20260725    16:33:04       0    100     65      0      0      0      0   9859     12      0 
 20260725    16:33:05       0    100     65      0      0      0      0  10813     12      0 
 20260725    16:33:06       0     98     62      0      0      0      0  10817     12      0 
 20260725    16:33:07       0     74     32      0      0      0      0  10817     12      0 
 20260725    16:33:08       0     98     56      0      0      0      0   9241     12      0 
 20260725    16:33:09       0     97     56      0      0      0      0   3390     10      0 
 20260725    16:33:10       0      0      0      0      0      0      0     44      4      0 
 20260725    16:33:11       0      0      0      0      0      0      0     44      4      0 
 20260725    16:33:12       0      0      0      0      0      0      0     44      4      0 
 20260725    16:33:13       0      0      0      0      0      0      0     44      4      0 
 20260725    16:33:14       0      0      0      0      0      0      0     44      4      0 
