#Date        Time         gpu     sm    mem    enc    dec    jpg    ofa     fb   bar1   ccpm 
#YYYYMMDD    HH:MM:SS     Idx      %      %      %      %      %      %     MB     MB     MB 
 20260725    16:28:40       0      0      0      0      0      0      0     44      4      0 
 20260725    16:28:42       0      0      0      0      0      0      0     44      4      0 
 20260725    16:28:43       0      0      0      0      0      0      0     44      4      0 
 20260725    16:28:44       0      0      0      0      0      0      0   1824     10      0 
 20260725    16:28:45       0      0      0      0      0      0      0   4174     10      0 
 20260725    16:28:46       0      5      2      0      0      0      0  19160     10      0 
 20260725    16:28:47       0     84     47      0      0      0      0   7004     10      0 
 20260725    16:28:48       0    100     66      0      0      0      0   7162     10      0 
 20260725    16:28:49       0      0      0      0      0      0      0   6544     10      0 
 20260725    16:28:50       0     52     33      0      0      0      0   8116     10      0 
 20260725    16:28:51       0     85     55      0      0      0      0   8120     10      0 
 20260725    16:28:52       0     99     63      0      0      0      0   8124     10      0 
 20260725    16:28:53       0    100     65      0      0      0      0   8120     10      0 
 20260725    16:28:54       0     84     52      0      0      0      0   6542     10      0 
 20260725    16:28:55       0     71     45      0      0      0      0   8120     10      0 
 20260725    16:28:56       0     95     60      0      0      0      0   8116     10      0 
 20260725    16:28:57       0     80     63      0      0      0      0   8120     10      0 
 20260725    16:28:58       0     88     64      0      0      0      0   8120     10      0 
 20260725    16:28:59       0     94     55      0      0      0      0   8126     10      0 
 20260725    16:29:00       0     61     32      0      0      0      0   8124     10      0 
 20260725    16:29:01       0     99     62      0      0      0      0   8124     10      0 
 20260725    16:29:02       0     98     60      0      0      0      0   6546     10      0 
 20260725    16:29:03       0     98     61      0      0      0      0   8120     10      0 
 20260725    16:29:04       0     53     18      0      0      0      0   8124     10      0 
 20260725    16:29:05       0     51     23      0      0      0      0   6546     10      0 
 20260725    16:29:06       0     35      5      0      0      0      0   8120     10      0 
 20260725    16:29:07       0     61     24      0      0      0      0   6542     10      0 
 20260725    16:29:08       0     63     41      0      0      0      0   8120     10      0 
 20260725    16:29:09       0     70     44      0      0      0      0   8124     10      0 
 20260725    16:29:10       0     98     58      0      0      0      0   8124     10      0 
 20260725    16:29:11       0     77     44      0      0      0      0   8124     10      0 
 20260725    16:29:12       0     60     22      0      0      0      0   8124     10      0 
 20260725    16:29:13       0     50     30      0      0      0      0   8124     10      0 
 20260725    16:29:14       0    100     65      0      0      0      0   8124     10      0 
 20260725    16:29:15       0    100     65      0      0      0      0   8124     10      0 
 20260725    16:29:16       0    100     66      0      0      0      0   8124     10      0 
 20260725    16:29:17       0     94     60      0      0      0      0   8124     10      0 
 20260725    16:29:18       0    100     65      0      0      0      0   8126     10      0 
 20260725    16:29:19       0     97     54      0      0      0      0   8124     10      0 
 20260725    16:29:20       0     37     21      0      0      0      0   8124     10      0 
 20260725    16:29:21       0     98     60      0      0      0      0   8120     10      0 
 20260725    16:29:22       0     63     38      0      0      0      0   8120     10      0 
 20260725    16:29:23       0     40     19      0      0      0      0   6546     10      0 
 20260725    16:29:24       0     21     13      0      0      0      0   8120     10      0 
#Date        Time         gpu     sm    mem    enc    dec    jpg    ofa     fb   bar1   ccpm 
#YYYYMMDD    HH:MM:SS     Idx      %      %      %      %      %      %     MB     MB     MB 
 20260725    16:29:25       0     98     63      0      0      0      0   8122     10      0 
 20260725    16:29:26       0     94     50      0      0      0      0   8124     10      0 
 20260725    16:29:27       0     74     33      0      0      0      0   8124     10      0 
 20260725    16:29:28       0     91     35      0      0      0      0   8124     10      0 
 20260725    16:29:29       0     94     60      0      0      0      0   8124     10      0 
 20260725    16:29:30       0    100     65      0      0      0      0   8124     10      0 
 20260725    16:29:31       0    100     65      0      0      0      0   8124     10      0 
 20260725    16:29:32       0     41     25      0      0      0      0   6546     10      0 
 20260725    16:29:33       0     97     54      0      0      0      0   8120     10      0 
 20260725    16:29:34       0     93     53      0      0      0      0   8124     10      0 
 20260725    16:29:35       0     71     45      0      0      0      0   8124     10      0 
 20260725    16:29:36       0    100     65      0      0      0      0   8124     10      0 
 20260725    16:29:37       0     85     53      0      0      0      0   8124     10      0 
 20260725    16:29:38       0     41     16      0      0      0      0   6546     10      0 
 20260725    16:29:39       0     99     62      0      0      0      0   8122     10      0 
 20260725    16:29:40       0     98     56      0      0      0      0   8124     10      0 
 20260725    16:29:41       0     46     14      0      0      0      0   8124     10      0 
 20260725    16:29:42       0     49     24      0      0      0      0   8124     10      0 
 20260725    16:29:43       0     91     53      0      0      0      0   6546     10      0 
 20260725    16:29:44       0    100     65      0      0      0      0   8124     10      0 
 20260725    16:29:45       0     89     57      0      0      0      0   8124     10      0 
 20260725    16:29:46       0     82     50      0      0      0      0   8126     10      0 
 20260725    16:29:47       0     98     61      0      0      0      0   8124     10      0 
 20260725    16:29:48       0     97     56      0      0      0      0   8116     10      0 
 20260725    16:29:49       0    100     64      0      0      0      0   4968     10      0 
 20260725    16:29:50       0     97     57      0      0      0      0   8124     10      0 
 20260725    16:29:51       0     75     24      0      0      0      0   8124     10      0 
 20260725    16:29:52       0     70     16      0      0      0      0   8124     10      0 
 20260725    16:29:53       0     63     20      0      0      0      0   6546     10      0 
 20260725    16:29:54       0     72     34      0      0      0      0   6546     10      0 
 20260725    16:29:55       0     62     37      0      0      0      0   8120     10      0 
 20260725    16:29:56       0     87     51      0      0      0      0   8124     10      0 
 20260725    16:29:57       0    100     65      0      0      0      0   8126     10      0 
 20260725    16:29:58       0    100     65      0      0      0      0   8124     10      0 
 20260725    16:29:59       0     80     37      0      0      0      0   8124     10      0 
 20260725    16:30:00       0     31     19      0      0      0      0   8124     10      0 
 20260725    16:30:01       0     58     38      0      0      0      0   6686     10      0 
 20260725    16:30:02       0    100     65      0      0      0      0   8120     10      0 
 20260725    16:30:03       0     90     65      0      0      0      0   8124     10      0 
 20260725    16:30:04       0     38     16      0      0      0      0   6546     10      0 
 20260725    16:30:05       0    100     66      0      0      0      0   8124     10      0 
 20260725    16:30:06       0     74     39      0      0      0      0   8120     10      0 
 20260725    16:30:07       0     30     11      0      0      0      0   8120     10      0 
 20260725    16:30:08       0     72     47      0      0      0      0   8120     10      0 
#Date        Time         gpu     sm    mem    enc    dec    jpg    ofa     fb   bar1   ccpm 
#YYYYMMDD    HH:MM:SS     Idx      %      %      %      %      %      %     MB     MB     MB 
 20260725    16:30:09       0     99     62      0      0      0      0   8124     10      0 
 20260725    16:30:10       0     98     59      0      0      0      0   8124     10      0 
 20260725    16:30:11       0     35      7      0      0      0      0   8124     10      0 
 20260725    16:30:12       0     80     50      0      0      0      0   7346     10      0 
 20260725    16:30:13       0     99     61      0      0      0      0   8120     10      0 
 20260725    16:30:14       0     99     65      0      0      0      0   8124     10      0 
 20260725    16:30:15       0     46     27      0      0      0      0   8124     10      0 
 20260725    16:30:16       0     64     41      0      0      0      0   8120     10      0 
 20260725    16:30:17       0     99     62      0      0      0      0   8124     10      0 
 20260725    16:30:18       0     84     48      0      0      0      0   8120     10      0 
 20260725    16:30:19       0     75     49      0      0      0      0   8124     10      0 
 20260725    16:30:20       0     95     58      0      0      0      0   8126     10      0 
 20260725    16:30:21       0     61     38      0      0      0      0   8120     10      0 
 20260725    16:30:22       0    100     65      0      0      0      0   8124     10      0 
 20260725    16:30:23       0     98     57      0      0      0      0   8120     10      0 
 20260725    16:30:24       0     94     58      0      0      0      0   8124     10      0 
 20260725    16:30:25       0     91     42      0      0      0      0   8124     10      0 
 20260725    16:30:26       0     51     32      0      0      0      0   8124     10      0 
 20260725    16:30:27       0     74     45      0      0      0      0   8126     10      0 
 20260725    16:30:28       0     39     21      0      0      0      0   8124     10      0 
 20260725    16:30:29       0     99     64      0      0      0      0   8124     10      0 
 20260725    16:30:30       0    100     64      0      0      0      0   8124     10      0 
 20260725    16:30:31       0    100     65      0      0      0      0   8126     10      0 
 20260725    16:30:32       0     63     41      0      0      0      0   8116     10      0 
 20260725    16:30:33       0    100     65      0      0      0      0   8120     10      0 
 20260725    16:30:34       0     44     18      0      0      0      0   8120     10      0 
 20260725    16:30:35       0     98     59      0      0      0      0   8124     10      0 
 20260725    16:30:36       0     74     38      0      0      0      0   8124     10      0 
 20260725    16:30:37       0     59     36      0      0      0      0   8124     10      0 
 20260725    16:30:38       0     95     65      0      0      0      0   8122     10      0 
 20260725    16:30:39       0     85     54      0      0      0      0   8124     10      0 
 20260725    16:30:40       0     82     52      0      0      0      0   8124     10      0 
 20260725    16:30:41       0     67     41      0      0      0      0   8124     10      0 
 20260725    16:30:42       0     60     34      0      0      0      0   8126     10      0 
 20260725    16:30:43       0     34     20      0      0      0      0   8124     10      0 
 20260725    16:30:44       0     59     36      0      0      0      0   8124     10      0 
 20260725    16:30:45       0     77     47      0      0      0      0   8124     10      0 
 20260725    16:30:46       0     70     41      0      0      0      0   8124     10      0 
 20260725    16:30:47       0     98     60      0      0      0      0   4968     10      0 
 20260725    16:30:48       0      0      0      0      0      0      0   8126     10      0 
 20260725    16:30:49       0     56     35      0      0      0      0   8124     10      0 
 20260725    16:30:50       0     73     46      0      0      0      0   8126     10      0 
 20260725    16:30:51       0     63     41      0      0      0      0   8120     10      0 
 20260725    16:30:52       0     48     31      0      0      0      0   8124     10      0 
#Date        Time         gpu     sm    mem    enc    dec    jpg    ofa     fb   bar1   ccpm 
#YYYYMMDD    HH:MM:SS     Idx      %      %      %      %      %      %     MB     MB     MB 
 20260725    16:30:53       0     99     63      0      0      0      0   6546     10      0 
 20260725    16:30:54       0     91     57      0      0      0      0   8116     10      0 
 20260725    16:30:55       0     35      0      0      0      0      0   8124     10      0 
 20260725    16:30:56       0     61     40      0      0      0      0   6546     10      0 
 20260725    16:30:57       0     11      2      0      0      0      0   2274      8      0 
 20260725    16:30:58       0      2      1      0      0      0      0     44      4      0 
 20260725    16:30:59       0      0      0      0      0      0      0     44      4      0 
 20260725    16:31:00       0      0      0      0      0      0      0     44      4      0 
 20260725    16:31:01       0      0      0      0      0      0      0     44      4      0 
 20260725    16:31:02       0      0      0      0      0      0      0     44      4      0 
 20260725    16:31:03       0      0      0      0      0      0      0     44      4      0 
