#Date        Time         gpu     sm    mem    enc    dec    jpg    ofa     fb   bar1   ccpm 
#YYYYMMDD    HH:MM:SS     Idx      %      %      %      %      %      %     MB     MB     MB 
 20260725    16:41:48       0      0      0      0      0      0      0     44      4      0 
 20260725    16:41:49       0      0      0      0      0      0      0     44      4      0 
 20260725    16:41:50       0      0      0      0      0      0      0     44      4      0 
 20260725    16:41:51       0     49      0      0      0      0      0   2417     12      0 
 20260725    16:41:52       0     29      1      0      0      0      0   5073     12      0 
 20260725    16:41:53       0     27     17      0      0      0      0   4617     12      0 
 20260725    16:41:54       0     95     61      0      0      0      0   7501     12      0 
 20260725    16:41:55       0     62     38      0      0      0      0   4831     12      0 
 20260725    16:41:56       0    100     65      0      0      0      0  10817     12      0 
 20260725    16:41:57       0    100     65      0      0      0      0  10817     12      0 
 20260725    16:41:58       0     31      0      0      0      0      0  10809     12      0 
 20260725    16:41:59       0     96     49      0      0      0      0  10805     12      0 
 20260725    16:42:00       0    100     66      0      0      0      0  10813     12      0 
 20260725    16:42:01       0     95     60      0      0      0      0   9235     12      0 
 20260725    16:42:02       0     99     62      0      0      0      0   9235     12      0 
 20260725    16:42:03       0     98     60      0      0      0      0  10813     12      0 
 20260725    16:42:04       0     98     62      0      0      0      0  10813     12      0 
 20260725    16:42:06       0     99     62      0      0      0      0  10815     12      0 
 20260725    16:42:07       0     98     63      0      0      0      0  10813     12      0 
 20260725    16:42:08       0     82     53      0      0      0      0  10813     12      0 
 20260725    16:42:09       0     97     53      0      0      0      0  10809     12      0 
 20260725    16:42:10       0     98     57      0      0      0      0   9863     12      0 
 20260725    16:42:11       0     99     65      0      0      0      0  10813     12      0 
 20260725    16:42:12       0     98     63      0      0      0      0   9235     12      0 
 20260725    16:42:13       0     99     63      0      0      0      0  10817     12      0 
 20260725    16:42:14       0     75     48      0      0      0      0  10817     12      0 
 20260725    16:42:15       0     93     39      0      0      0      0  10817     12      0 
 20260725    16:42:16       0     89     53      0      0      0      0   9239     12      0 
 20260725    16:42:17       0     99     64      0      0      0      0  10817     12      0 
 20260725    16:42:18       0     47     13      0      0      0      0  10817     12      0 
 20260725    16:42:19       0     92     55      0      0      0      0  10809     12      0 
 20260725    16:42:20       0     99     62      0      0      0      0  10817     12      0 
 20260725    16:42:21       0     38     18      0      0      0      0  10817     12      0 
 20260725    16:42:22       0     95     58      0      0      0      0  10815     12      0 
 20260725    16:42:23       0     98     58      0      0      0      0  10817     12      0 
 20260725    16:42:24       0     98     55      0      0      0      0  10819     12      0 
 20260725    16:42:25       0     80     49      0      0      0      0  10817     12      0 
 20260725    16:42:26       0     83     41      0      0      0      0  10817     12      0 
 20260725    16:42:27       0     96     49      0      0      0      0  10817     12      0 
 20260725    16:42:28       0     98     59      0      0      0      0  10817     12      0 
 20260725    16:42:29       0     64     40      0      0      0      0   9239     12      0 
 20260725    16:42:30       0    100     65      0      0      0      0  10809     12      0 
 20260725    16:42:31       0     96     46      0      0      0      0  10011     12      0 
 20260725    16:42:32       0     83     52      0      0      0      0  10813     12      0 
#Date        Time         gpu     sm    mem    enc    dec    jpg    ofa     fb   bar1   ccpm 
#YYYYMMDD    HH:MM:SS     Idx      %      %      %      %      %      %     MB     MB     MB 
 20260725    16:42:33       0     98     58      0      0      0      0  10813     12      0 
 20260725    16:42:34       0     98     54      0      0      0      0  10809     12      0 
 20260725    16:42:35       0     40      7      0      0      0      0  10813     12      0 
 20260725    16:42:36       0     43     27      0      0      0      0  10819     12      0 
 20260725    16:42:37       0     76     28      0      0      0      0  10819     12      0 
 20260725    16:42:38       0     99     63      0      0      0      0  10817     12      0 
 20260725    16:42:39       0    100     64      0      0      0      0  10813     12      0 
 20260725    16:42:40       0     96     57      0      0      0      0   9239     12      0 
 20260725    16:42:41       0    100     65      0      0      0      0  10811     12      0 
 20260725    16:42:42       0     37     23      0      0      0      0  10819     12      0 
 20260725    16:42:43       0     94     52      0      0      0      0  10817     12      0 
 20260725    16:42:44       0     98     62      0      0      0      0  10813     12      0 
 20260725    16:42:45       0    100     64      0      0      0      0   6083     12      0 
 20260725    16:42:46       0     46     30      0      0      0      0  10813     12      0 
 20260725    16:42:47       0     99     65      0      0      0      0  10805     12      0 
 20260725    16:42:48       0     77     43      0      0      0      0  10817     12      0 
 20260725    16:42:49       0     91     50      0      0      0      0  10817     12      0 
 20260725    16:42:50       0     99     62      0      0      0      0   9241     12      0 
 20260725    16:42:51       0     85     44      0      0      0      0   9533     12      0 
 20260725    16:42:52       0     89     37      0      0      0      0  10817     12      0 
 20260725    16:42:53       0     99     63      0      0      0      0  10817     12      0 
 20260725    16:42:54       0     99     62      0      0      0      0   9239     12      0 
 20260725    16:42:55       0     85     52      0      0      0      0   9235     12      0 
 20260725    16:42:56       0     95     62      0      0      0      0  10817     12      0 
 20260725    16:42:57       0     99     64      0      0      0      0  10811     12      0 
 20260725    16:42:58       0     99     65      0      0      0      0  10817     12      0 
 20260725    16:42:59       0    100     65      0      0      0      0  10817     12      0 
 20260725    16:43:00       0     82     53      0      0      0      0   9239     12      0 
 20260725    16:43:01       0     40     24      0      0      0      0   9239     12      0 
 20260725    16:43:02       0     88     55      0      0      0      0  10817     12      0 
 20260725    16:43:03       0     59     13      0      0      0      0  10817     12      0 
 20260725    16:43:04       0     96     61      0      0      0      0  10817     12      0 
 20260725    16:43:05       0     54     25      0      0      0      0  10813     12      0 
 20260725    16:43:06       0     98     52      0      0      0      0   9239     12      0 
 20260725    16:43:07       0     99     63      0      0      0      0  10813     12      0 
 20260725    16:43:08       0     64     40      0      0      0      0  10813     12      0 
 20260725    16:43:09       0     84     55      0      0      0      0  10813     12      0 
 20260725    16:43:10       0     73     31      0      0      0      0  10805     12      0 
 20260725    16:43:11       0    100     65      0      0      0      0  10817     12      0 
 20260725    16:43:12       0    100     65      0      0      0      0  10817     12      0 
 20260725    16:43:13       0     63     35      0      0      0      0  10817     12      0 
 20260725    16:43:14       0     99     65      0      0      0      0  10813     12      0 
 20260725    16:43:15       0     99     64      0      0      0      0  10813     12      0 
 20260725    16:43:16       0     99     60      0      0      0      0  10813     12      0 
#Date        Time         gpu     sm    mem    enc    dec    jpg    ofa     fb   bar1   ccpm 
#YYYYMMDD    HH:MM:SS     Idx      %      %      %      %      %      %     MB     MB     MB 
 20260725    16:43:17       0     99     64      0      0      0      0  10813     12      0 
 20260725    16:43:18       0     69     39      0      0      0      0  10815     12      0 
 20260725    16:43:19       0     56     30      0      0      0      0  10813     12      0 
 20260725    16:43:20       0     97     60      0      0      0      0   9859     12      0 
 20260725    16:43:21       0     99     61      0      0      0      0  10813     12      0 
 20260725    16:43:22       0     68     34      0      0      0      0   9859     12      0 
 20260725    16:43:23       0     64     30      0      0      0      0  10809     12      0 
 20260725    16:43:24       0     99     64      0      0      0      0   9239     12      0 
 20260725    16:43:25       0     65     41      0      0      0      0  10819     12      0 
 20260725    16:43:26       0     70     38      0      0      0      0  10813     12      0 
 20260725    16:43:27       0     98     60      0      0      0      0  10813     12      0 
 20260725    16:43:28       0     92     55      0      0      0      0  10819     12      0 
 20260725    16:43:29       0     99     64      0      0      0      0  10817     12      0 
 20260725    16:43:30       0     70     45      0      0      0      0  10817     12      0 
 20260725    16:43:31       0     80     54      0      0      0      0  10809     12      0 
 20260725    16:43:32       0     97     52      0      0      0      0   9235     12      0 
 20260725    16:43:33       0     93     43      0      0      0      0  10813     12      0 
 20260725    16:43:34       0     83     50      0      0      0      0  10813     12      0 
 20260725    16:43:35       0     99     64      0      0      0      0  10817     12      0 
 20260725    16:43:36       0     90     70      0      0      0      0  10817     12      0 
 20260725    16:43:37       0     58     33      0      0      0      0  10815     12      0 
 20260725    16:43:38       0     41     14      0      0      0      0  10813     12      0 
 20260725    16:43:39       0     94     45      0      0      0      0   9235     12      0 
 20260725    16:43:40       0     97     62      0      0      0      0  10809     12      0 
 20260725    16:43:41       0     97     65      0      0      0      0  10809     12      0 
 20260725    16:43:42       0    100     64      0      0      0      0   7657     12      0 
 20260725    16:43:43       0     73     44      0      0      0      0   9241     12      0 
 20260725    16:43:44       0     97     54      0      0      0      0  10813     12      0 
 20260725    16:43:45       0     97     58      0      0      0      0  10813     12      0 
 20260725    16:43:46       0     59     30      0      0      0      0  10817     12      0 
 20260725    16:43:47       0     45     27      0      0      0      0  10817     12      0 
 20260725    16:43:48       0     68     37      0      0      0      0  10817     12      0 
 20260725    16:43:49       0     97     53      0      0      0      0  10809     12      0 
 20260725    16:43:50       0     99     61      0      0      0      0   4505     12      0 
 20260725    16:43:51       0      0      0      0      0      0      0   1159      6      0 
 20260725    16:43:52       0      0      0      0      0      0      0     44      4      0 
 20260725    16:43:53       0      0      0      0      0      0      0     44      4      0 
 20260725    16:43:54       0      0      0      0      0      0      0     44      4      0 
 20260725    16:43:55       0      0      0      0      0      0      0     44      4      0 
 20260725    16:43:56       0      0      0      0      0      0      0     44      4      0 
