#Date        Time         gpu     sm    mem    enc    dec    jpg    ofa     fb   bar1   ccpm 
#YYYYMMDD    HH:MM:SS     Idx      %      %      %      %      %      %     MB     MB     MB 
 20260725    16:39:24       0      0      0      0      0      0      0     44      4      0 
 20260725    16:39:25       0      0      0      0      0      0      0     44      4      0 
 20260725    16:39:26       0      0      0      0      0      0      0     44      4      0 
 20260725    16:39:27       0      0      0      0      0      0      0   1824     10      0 
 20260725    16:39:28       0      2      0      0      0      0      0   3822     10      0 
 20260725    16:39:29       0     25     19      0      0      0      0   5684     10      0 
 20260725    16:39:30       0     90     56      0      0      0      0   6074     10      0 
 20260725    16:39:31       0    100     67      0      0      0      0   8120     10      0 
 20260725    16:39:32       0     99     60      0      0      0      0   8122     10      0 
 20260725    16:39:33       0     89     37      0      0      0      0   8126     10      0 
 20260725    16:39:34       0     34     16      0      0      0      0   8124     10      0 
 20260725    16:39:35       0     75     48      0      0      0      0   8124     10      0 
 20260725    16:39:36       0     77     48      0      0      0      0   6546     10      0 
 20260725    16:39:37       0     71     44      0      0      0      0   8124     10      0 
 20260725    16:39:38       0     86     48      0      0      0      0   8124     10      0 
 20260725    16:39:39       0     58     29      0      0      0      0   8120     10      0 
 20260725    16:39:40       0     51     29      0      0      0      0   8120     10      0 
 20260725    16:39:41       0     55     30      0      0      0      0   6546     10      0 
 20260725    16:39:42       0     71     42      0      0      0      0   7166     10      0 
 20260725    16:39:43       0     69     39      0      0      0      0   8116     10      0 
 20260725    16:39:44       0     48     29      0      0      0      0   8120     10      0 
 20260725    16:39:45       0     99     65      0      0      0      0   8120     10      0 
 20260725    16:39:46       0     60     34      0      0      0      0   8120     10      0 
 20260725    16:39:47       0     79     67      0      0      0      0   8120     10      0 
 20260725    16:39:48       0     61     39      0      0      0      0   8124     10      0 
 20260725    16:39:49       0     63     39      0      0      0      0   8126     10      0 
 20260725    16:39:50       0     56     37      0      0      0      0   8124     10      0 
 20260725    16:39:51       0     83     53      0      0      0      0   8124     10      0 
 20260725    16:39:52       0    100     65      0      0      0      0   8124     10      0 
 20260725    16:39:53       0     77     49      0      0      0      0   8120     10      0 
 20260725    16:39:54       0     99     65      0      0      0      0   8120     10      0 
 20260725    16:39:55       0     99     64      0      0      0      0   8120     10      0 
 20260725    16:39:56       0     98     60      0      0      0      0   8124     10      0 
 20260725    16:39:57       0     90     56      0      0      0      0   8124     10      0 
 20260725    16:39:58       0     87     49      0      0      0      0   8124     10      0 
 20260725    16:39:59       0     63     41      0      0      0      0   8124     10      0 
 20260725    16:40:00       0     97     72      0      0      0      0   8124     10      0 
 20260725    16:40:01       0     91     48      0      0      0      0   8126     10      0 
 20260725    16:40:02       0     51     32      0      0      0      0   8120     10      0 
 20260725    16:40:03       0     99     63      0      0      0      0   8124     10      0 
 20260725    16:40:04       0     80     46      0      0      0      0   8120     10      0 
 20260725    16:40:05       0     49     29      0      0      0      0   8120     10      0 
 20260725    16:40:06       0     62     39      0      0      0      0   8124     10      0 
 20260725    16:40:07       0     55     35      0      0      0      0   6546     10      0 
#Date        Time         gpu     sm    mem    enc    dec    jpg    ofa     fb   bar1   ccpm 
#YYYYMMDD    HH:MM:SS     Idx      %      %      %      %      %      %     MB     MB     MB 
 20260725    16:40:08       0     70     45      0      0      0      0   8124     10      0 
 20260725    16:40:09       0     88     47      0      0      0      0   8124     10      0 
 20260725    16:40:10       0     62     14      0      0      0      0   8124     10      0 
 20260725    16:40:11       0     63     45      0      0      0      0   8124     10      0 
 20260725    16:40:12       0     73     42      0      0      0      0   8124     10      0 
 20260725    16:40:13       0     96     74      0      0      0      0   8124     10      0 
 20260725    16:40:14       0     56     33      0      0      0      0   8120     10      0 
 20260725    16:40:15       0     81     52      0      0      0      0   8124     10      0 
 20260725    16:40:16       0     76     47      0      0      0      0   8128     10      0 
 20260725    16:40:17       0     83     41      0      0      0      0   8124     10      0 
 20260725    16:40:18       0     60     36      0      0      0      0   8120     10      0 
 20260725    16:40:19       0     99     63      0      0      0      0   8120     10      0 
 20260725    16:40:20       0     91     57      0      0      0      0   6538     10      0 
 20260725    16:40:21       0     80     53      0      0      0      0   8124     10      0 
 20260725    16:40:22       0    100     64      0      0      0      0   8120     10      0 
 20260725    16:40:23       0     38     17      0      0      0      0   8124     10      0 
 20260725    16:40:24       0     82     52      0      0      0      0   8124     10      0 
 20260725    16:40:25       0     34     21      0      0      0      0   6546     10      0 
 20260725    16:40:26       0     11      0      0      0      0      0   4968     10      0 
 20260725    16:40:27       0     97     52      0      0      0      0   8124     10      0 
 20260725    16:40:28       0     52     10      0      0      0      0   8124     10      0 
 20260725    16:40:29       0     82     38      0      0      0      0   8124     10      0 
 20260725    16:40:30       0     69     30      0      0      0      0   8120     10      0 
 20260725    16:40:31       0    100     64      0      0      0      0   8116     10      0 
 20260725    16:40:32       0     42     18      0      0      0      0   8116     10      0 
 20260725    16:40:33       0     50     18      0      0      0      0   8124     10      0 
 20260725    16:40:34       0     57     32      0      0      0      0   8124     10      0 
 20260725    16:40:35       0     39     23      0      0      0      0   8124     10      0 
 20260725    16:40:36       0     37     22      0      0      0      0   6546     10      0 
 20260725    16:40:37       0     53     32      0      0      0      0   6542     10      0 
 20260725    16:40:38       0     72     28      0      0      0      0   8124     10      0 
 20260725    16:40:39       0     56     21      0      0      0      0   8126     10      0 
 20260725    16:40:40       0     63     46      0      0      0      0   8124     10      0 
 20260725    16:40:41       0     49     25      0      0      0      0   7170     10      0 
 20260725    16:40:42       0     51     33      0      0      0      0   6546     10      0 
 20260725    16:40:43       0    100     65      0      0      0      0   4964     10      0 
 20260725    16:40:44       0     66     37      0      0      0      0   8120     10      0 
 20260725    16:40:45       0     84     54      0      0      0      0   7170     10      0 
 20260725    16:40:46       0    100     65      0      0      0      0   8124     10      0 
 20260725    16:40:47       0     98     59      0      0      0      0   7170     10      0 
 20260725    16:40:48       0     85     44      0      0      0      0   8120     10      0 
 20260725    16:40:49       0     93     55      0      0      0      0   8124     10      0 
 20260725    16:40:50       0     76     45      0      0      0      0   8120     10      0 
 20260725    16:40:51       0     83     53      0      0      0      0   8124     10      0 
#Date        Time         gpu     sm    mem    enc    dec    jpg    ofa     fb   bar1   ccpm 
#YYYYMMDD    HH:MM:SS     Idx      %      %      %      %      %      %     MB     MB     MB 
 20260725    16:40:52       0     98     61      0      0      0      0   8116     10      0 
 20260725    16:40:53       0     99     63      0      0      0      0   8124     10      0 
 20260725    16:40:54       0     74     39      0      0      0      0   8124     10      0 
 20260725    16:40:55       0     73     42      0      0      0      0   8124     10      0 
 20260725    16:40:56       0    100     65      0      0      0      0   8124     10      0 
 20260725    16:40:57       0     97     64      0      0      0      0   8124     10      0 
 20260725    16:40:58       0    100     65      0      0      0      0   8124     10      0 
 20260725    16:40:59       0    100     64      0      0      0      0   8120     10      0 
 20260725    16:41:00       0    100     64      0      0      0      0   8120     10      0 
 20260725    16:41:01       0     98     59      0      0      0      0   7574     10      0 
 20260725    16:41:02       0     91     41      0      0      0      0   8124     10      0 
 20260725    16:41:03       0     35     13      0      0      0      0   8122     10      0 
 20260725    16:41:04       0     41     25      0      0      0      0   8120     10      0 
 20260725    16:41:05       0     34     22      0      0      0      0   8124     10      0 
 20260725    16:41:06       0     87     54      0      0      0      0   6548     10      0 
 20260725    16:41:07       0     38     13      0      0      0      0   7166     10      0 
 20260725    16:41:08       0     98     57      0      0      0      0   8124     10      0 
 20260725    16:41:09       0     72     29      0      0      0      0   8124     10      0 
 20260725    16:41:10       0     73     53      0      0      0      0   8126     10      0 
 20260725    16:41:11       0     69     37      0      0      0      0   8124     10      0 
 20260725    16:41:12       0    100     65      0      0      0      0   8124     10      0 
 20260725    16:41:13       0     86     49      0      0      0      0   8120     10      0 
 20260725    16:41:14       0     96     49      0      0      0      0   8126     10      0 
 20260725    16:41:15       0     94     56      0      0      0      0   8124     10      0 
 20260725    16:41:16       0     97     55      0      0      0      0   8124     10      0 
 20260725    16:41:17       0     99     61      0      0      0      0   8124     10      0 
 20260725    16:41:18       0     81     44      0      0      0      0   8124     10      0 
 20260725    16:41:19       0     67     22      0      0      0      0   8124     10      0 
 20260725    16:41:20       0     54     16      0      0      0      0   8124     10      0 
 20260725    16:41:21       0     88     56      0      0      0      0   8124     10      0 
 20260725    16:41:22       0     53     33      0      0      0      0   8126     10      0 
 20260725    16:41:23       0     96     67      0      0      0      0   8124     10      0 
 20260725    16:41:24       0     97     55      0      0      0      0   6546     10      0 
 20260725    16:41:25       0     57     29      0      0      0      0   8124     10      0 
 20260725    16:41:26       0    100     65      0      0      0      0   6546     10      0 
 20260725    16:41:27       0     35     14      0      0      0      0   8124     10      0 
 20260725    16:41:28       0     51     16      0      0      0      0   8124     10      0 
 20260725    16:41:29       0     68     43      0      0      0      0   8124     10      0 
 20260725    16:41:30       0     45     28      0      0      0      0   6546     10      0 
 20260725    16:41:31       0     28     13      0      0      0      0   4968     10      0 
 20260725    16:41:32       0     31      7      0      0      0      0   8126     10      0 
 20260725    16:41:33       0    100     65      0      0      0      0   8124     10      0 
 20260725    16:41:34       0    100     65      0      0      0      0   6546     10      0 
 20260725    16:41:35       0     98     57      0      0      0      0   8120     10      0 
#Date        Time         gpu     sm    mem    enc    dec    jpg    ofa     fb   bar1   ccpm 
#YYYYMMDD    HH:MM:SS     Idx      %      %      %      %      %      %     MB     MB     MB 
 20260725    16:41:36       0     95     66      0      0      0      0   8116     10      0 
 20260725    16:41:37       0     35     16      0      0      0      0   8124     10      0 
 20260725    16:41:38       0     48     27      0      0      0      0   8120     10      0 
 20260725    16:41:39       0     69      7      0      0      0      0   8116     10      0 
 20260725    16:41:40       0     73     29      0      0      0      0   3390     10      0 
 20260725    16:41:41       0      0      0      0      0      0      0   1159      6      0 
 20260725    16:41:42       0      0      0      0      0      0      0     44      4      0 
 20260725    16:41:43       0      0      0      0      0      0      0     44      4      0 
 20260725    16:41:44       0      0      0      0      0      0      0     44      4      0 
 20260725    16:41:45       0      0      0      0      0      0      0     44      4      0 
 20260725    16:41:46       0      0      0      0      0      0      0     44      4      0 
 20260725    16:41:47       0      0      0      0      0      0      0     41      3      0 
