#Date        Time         gpu     sm    mem    enc    dec    jpg    ofa     fb   bar1   ccpm 
#YYYYMMDD    HH:MM:SS     Idx      %      %      %      %      %      %     MB     MB     MB 
 20260725    16:46:24       0      0      0      0      0      0      0     44      4      0 
 20260725    16:46:25       0      0      0      0      0      0      0     44      4      0 
 20260725    16:46:26       0      0      0      0      0      0      0     44      4      0 
 20260725    16:46:27       0      2      0      0      0      0      0   4270     20      0 
 20260725    16:46:28       0      7      0      0      0      0      0   5714     20      0 
 20260725    16:46:29       0     62      5      0      0      0      0   9826     20      0 
 20260725    16:46:30       0     87     53      0      0      0      0  31370     20      0 
 20260725    16:46:31       0     99     64      0      0      0      0  20190     20      0 
 20260725    16:46:32       0     95     57      0      0      0      0  22974     20      0 
 20260725    16:46:33       0     99     63      0      0      0      0  22842     20      0 
 20260725    16:46:34       0     99     60      0      0      0      0  15994     20      0 
 20260725    16:46:35       0     99     65      0      0      0      0  15590     20      0 
 20260725    16:46:36       0     99     62      0      0      0      0  21270     20      0 
 20260725    16:46:37       0     99     62      0      0      0      0  20014     20      0 
 20260725    16:46:38       0     99     60      0      0      0      0  21588     20      0 
 20260725    16:46:39       0     98     60      0      0      0      0  21588     20      0 
 20260725    16:46:40       0     99     65      0      0      0      0  20014     20      0 
 20260725    16:46:41       0    100     67      0      0      0      0  20564     20      0 
 20260725    16:46:42       0     99     64      0      0      0      0  21590     20      0 
 20260725    16:46:43       0     98     62      0      0      0      0  21592     20      0 
 20260725    16:46:44       0     98     58      0      0      0      0  21592     20      0 
 20260725    16:46:45       0     99     64      0      0      0      0  21592     20      0 
 20260725    16:46:46       0     96     56      0      0      0      0  21592     20      0 
 20260725    16:46:47       0     98     61      0      0      0      0  21592     20      0 
 20260725    16:46:48       0     94     62      0      0      0      0  21594     20      0 
 20260725    16:46:49       0     95     42      0      0      0      0  21588     20      0 
 20260725    16:46:50       0     89     36      0      0      0      0  21592     20      0 
 20260725    16:46:51       0     96     61      0      0      0      0  21588     20      0 
 20260725    16:46:52       0     95     45      0      0      0      0  21592     20      0 
 20260725    16:46:53       0     96     52      0      0      0      0  21586     20      0 
 20260725    16:46:54       0     95     55      0      0      0      0  21592     20      0 
 20260725    16:46:55       0     98     53      0      0      0      0  21584     20      0 
 20260725    16:46:56       0     99     63      0      0      0      0  21590     20      0 
 20260725    16:46:57       0    100     66      0      0      0      0  20012     20      0 
 20260725    16:46:58       0     99     61      0      0      0      0  21594     20      0 
 20260725    16:46:59       0     99     59      0      0      0      0  20634     20      0 
 20260725    16:47:00       0     99     61      0      0      0      0  21592     20      0 
 20260725    16:47:01       0     97     63      0      0      0      0  20006     20      0 
 20260725    16:47:02       0     98     68      0      0      0      0  20014     20      0 
 20260725    16:47:03       0     98     55      0      0      0      0  21586     20      0 
 20260725    16:47:04       0     97     56      0      0      0      0  20010     20      0 
 20260725    16:47:05       0     99     63      0      0      0      0  21584     20      0 
 20260725    16:47:06       0     97     61      0      0      0      0  20010     20      0 
 20260725    16:47:07       0     99     58      0      0      0      0  21588     20      0 
#Date        Time         gpu     sm    mem    enc    dec    jpg    ofa     fb   bar1   ccpm 
#YYYYMMDD    HH:MM:SS     Idx      %      %      %      %      %      %     MB     MB     MB 
 20260725    16:47:08       0    100     64      0      0      0      0  20010     20      0 
 20260725    16:47:09       0     99     65      0      0      0      0  20622     20      0 
 20260725    16:47:10       0    100     64      0      0      0      0  21592     20      0 
 20260725    16:47:12       0     99     63      0      0      0      0  21576     20      0 
 20260725    16:47:13       0    100     65      0      0      0      0  21592     20      0 
 20260725    16:47:14       0     98     55      0      0      0      0  18424     20      0 
 20260725    16:47:15       0    100     64      0      0      0      0  20636     20      0 
 20260725    16:47:16       0     99     64      0      0      0      0  21592     20      0 
 20260725    16:47:17       0     99     63      0      0      0      0  20014     20      0 
 20260725    16:47:18       0     98     63      0      0      0      0  19862     20      0 
 20260725    16:47:19       0     66     40      0      0      0      0  21588     20      0 
 20260725    16:47:20       0     97     53      0      0      0      0  21594     20      0 
 20260725    16:47:21       0     99     63      0      0      0      0  21588     20      0 
 20260725    16:47:22       0     97     63      0      0      0      0  20014     20      0 
 20260725    16:47:23       0     96     49      0      0      0      0  15274     20      0 
 20260725    16:47:24       0     99     62      0      0      0      0  21588     20      0 
 20260725    16:47:25       0     98     61      0      0      0      0  21588     20      0 
 20260725    16:47:26       0     99     62      0      0      0      0  19062     20      0 
 20260725    16:47:27       0     98     57      0      0      0      0  20010     20      0 
 20260725    16:47:28       0     98     55      0      0      0      0  21592     20      0 
 20260725    16:47:29       0     94     51      0      0      0      0  21594     20      0 
 20260725    16:47:30       0     94     55      0      0      0      0  21592     20      0 
 20260725    16:47:31       0     98     58      0      0      0      0  20010     20      0 
 20260725    16:47:32       0     97     56      0      0      0      0  21588     20      0 
 20260725    16:47:33       0     96     59      0      0      0      0  21588     20      0 
 20260725    16:47:34       0     96     56      0      0      0      0  21588     20      0 
 20260725    16:47:35       0     97     62      0      0      0      0  21592     20      0 
 20260725    16:47:36       0     96     47      0      0      0      0  20010     20      0 
 20260725    16:47:37       0     99     62      0      0      0      0  21580     20      0 
 20260725    16:47:38       0     98     62      0      0      0      0  21588     20      0 
 20260725    16:47:39       0     98     62      0      0      0      0  20010     20      0 
 20260725    16:47:40       0     98     58      0      0      0      0  21584     20      0 
 20260725    16:47:41       0     99     63      0      0      0      0  20006     20      0 
 20260725    16:47:42       0    100     64      0      0      0      0  21582     20      0 
 20260725    16:47:43       0    100     64      0      0      0      0  20628     20      0 
 20260725    16:47:44       0    100     65      0      0      0      0  21592     20      0 
 20260725    16:47:45       0     99     64      0      0      0      0  20010     20      0 
 20260725    16:47:46       0     98     59      0      0      0      0  21592     20      0 
 20260725    16:47:47       0     97     59      0      0      0      0  20964     20      0 
 20260725    16:47:48       0     97     47      0      0      0      0  20016     20      0 
 20260725    16:47:49       0     97     65      0      0      0      0  21584     20      0 
 20260725    16:47:50       0     96     67      0      0      0      0  21592     20      0 
 20260725    16:47:51       0     95     50      0      0      0      0  21592     20      0 
 20260725    16:47:52       0     97     52      0      0      0      0  21588     20      0 
#Date        Time         gpu     sm    mem    enc    dec    jpg    ofa     fb   bar1   ccpm 
#YYYYMMDD    HH:MM:SS     Idx      %      %      %      %      %      %     MB     MB     MB 
 20260725    16:47:53       0     96     55      0      0      0      0  21592     20      0 
 20260725    16:47:54       0     98     60      0      0      0      0  21590     20      0 
 20260725    16:47:55       0     98     62      0      0      0      0  20634     20      0 
 20260725    16:47:56       0     99     63      0      0      0      0  21592     20      0 
 20260725    16:47:57       0     97     57      0      0      0      0  21586     20      0 
 20260725    16:47:58       0     98     60      0      0      0      0  19528     20      0 
 20260725    16:47:59       0     99     60      0      0      0      0  18436     20      0 
 20260725    16:48:00       0     97     66      0      0      0      0  21592     20      0 
 20260725    16:48:01       0     96     60      0      0      0      0  20010     20      0 
 20260725    16:48:02       0     83     31      0      0      0      0  21592     20      0 
 20260725    16:48:03       0     95     62      0      0      0      0  21584     20      0 
 20260725    16:48:04       0     95     45      0      0      0      0  21592     20      0 
 20260725    16:48:05       0     96     56      0      0      0      0  21588     20      0 
 20260725    16:48:06       0    100     65      0      0      0      0  20012     20      0 
 20260725    16:48:07       0     99     64      0      0      0      0  21592     20      0 
 20260725    16:48:08       0     98     58      0      0      0      0  21580     20      0 
 20260725    16:48:09       0     99     61      0      0      0      0  20006     20      0 
 20260725    16:48:10       0     96     66      0      0      0      0  18432     20      0 
 20260725    16:48:11       0     99     62      0      0      0      0  21594     20      0 
 20260725    16:48:12       0     99     65      0      0      0      0  21576     20      0 
 20260725    16:48:13       0    100     63      0      0      0      0  21588     20      0 
 20260725    16:48:14       0     97     59      0      0      0      0  21584     20      0 
 20260725    16:48:15       0     98     57      0      0      0      0  21592     20      0 
 20260725    16:48:16       0     95     46      0      0      0      0  18436     20      0 
 20260725    16:48:17       0     96     48      0      0      0      0   8968     20      0 
 20260725    16:48:18       0      0      0      0      0      0      0   1161      6      0 
 20260725    16:48:19       0      2      1      0      0      0      0     44      4      0 
 20260725    16:48:20       0      0      0      0      0      0      0     44      4      0 
 20260725    16:48:21       0      0      0      0      0      0      0     44      4      0 
 20260725    16:48:22       0      0      0      0      0      0      0     44      4      0 
 20260725    16:48:23       0      0      0      0      0      0      0     44      4      0 
