#Date        Time         gpu     sm    mem    enc    dec    jpg    ofa     fb   bar1   ccpm 
#YYYYMMDD    HH:MM:SS     Idx      %      %      %      %      %      %     MB     MB     MB 
 20260725    16:43:58       0      0      0      0      0      0      0     44      4      0 
 20260725    16:43:59       0      0      0      0      0      0      0     44      4      0 
 20260725    16:44:00       0      0      0      0      0      0      0     44      4      0 
 20260725    16:44:01       0     99      0      0      0      0      0   3010     14      0 
 20260725    16:44:02       0     35      3      0      0      0      0   6130     14      0 
 20260725    16:44:03       0     42     29      0      0      0      0   8290     14      0 
 20260725    16:44:04       0     97     63      0      0      0      0  15104     14      0 
 20260725    16:44:05       0    100     69      0      0      0      0   6806     14      0 
 20260725    16:44:06       0     57     26      0      0      0      0   9020     14      0 
 20260725    16:44:07       0     81     49      0      0      0      0  13506     14      0 
 20260725    16:44:08       0     98     60      0      0      0      0  11928     14      0 
 20260725    16:44:09       0     96     51      0      0      0      0  13502     14      0 
 20260725    16:44:10       0     97     67      0      0      0      0  13510     14      0 
 20260725    16:44:11       0    100     65      0      0      0      0  13498     14      0 
 20260725    16:44:12       0     93     36      0      0      0      0  13510     14      0 
 20260725    16:44:13       0     98     62      0      0      0      0  12556     14      0 
 20260725    16:44:14       0     78     47      0      0      0      0  13502     14      0 
 20260725    16:44:15       0     98     58      0      0      0      0  13504     14      0 
 20260725    16:44:16       0     93     60      0      0      0      0  13506     14      0 
 20260725    16:44:17       0     96     51      0      0      0      0  13510     14      0 
 20260725    16:44:18       0     97     61      0      0      0      0  13502     14      0 
 20260725    16:44:19       0     96     56      0      0      0      0  13510     14      0 
 20260725    16:44:20       0    100     63      0      0      0      0  11930     14      0 
 20260725    16:44:21       0     81     43      0      0      0      0  13510     14      0 
 20260725    16:44:22       0     99     60      0      0      0      0  13502     14      0 
 20260725    16:44:23       0     99     62      0      0      0      0  13502     14      0 
 20260725    16:44:24       0     94     51      0      0      0      0  13510     14      0 
 20260725    16:44:25       0     98     58      0      0      0      0  13506     14      0 
 20260725    16:44:26       0     83     43      0      0      0      0  13506     14      0 
 20260725    16:44:27       0     97     63      0      0      0      0  13506     14      0 
 20260725    16:44:28       0     98     53      0      0      0      0  11928     14      0 
 20260725    16:44:29       0     97     59      0      0      0      0  13510     14      0 
 20260725    16:44:30       0     96     54      0      0      0      0  13512     14      0 
 20260725    16:44:31       0     97     57      0      0      0      0  13508     14      0 
 20260725    16:44:32       0     97     56      0      0      0      0  11932     14      0 
 20260725    16:44:33       0     87     43      0      0      0      0  13506     14      0 
 20260725    16:44:34       0     99     60      0      0      0      0  13506     14      0 
 20260725    16:44:35       0     81     50      0      0      0      0  13510     14      0 
 20260725    16:44:36       0     54     31      0      0      0      0  11928     14      0 
 20260725    16:44:37       0    100     64      0      0      0      0  13510     14      0 
 20260725    16:44:38       0     83     50      0      0      0      0  13502     14      0 
 20260725    16:44:39       0    100     64      0      0      0      0  13506     14      0 
 20260725    16:44:40       0     87     42      0      0      0      0  13510     14      0 
 20260725    16:44:41       0     98     54      0      0      0      0  13502     14      0 
#Date        Time         gpu     sm    mem    enc    dec    jpg    ofa     fb   bar1   ccpm 
#YYYYMMDD    HH:MM:SS     Idx      %      %      %      %      %      %     MB     MB     MB 
 20260725    16:44:42       0     98     58      0      0      0      0  12556     14      0 
 20260725    16:44:43       0     98     59      0      0      0      0  13506     14      0 
 20260725    16:44:44       0     88     47      0      0      0      0  11924     14      0 
 20260725    16:44:45       0     99     66      0      0      0      0  13510     14      0 
 20260725    16:44:46       0     96     71      0      0      0      0  13510     14      0 
 20260725    16:44:47       0     99     63      0      0      0      0  11928     14      0 
 20260725    16:44:48       0     70     46      0      0      0      0  13502     14      0 
 20260725    16:44:49       0     98     60      0      0      0      0  13504     14      0 
 20260725    16:44:50       0     96     51      0      0      0      0  11932     14      0 
 20260725    16:44:51       0     89     55      0      0      0      0  13510     14      0 
 20260725    16:44:52       0     85     56      0      0      0      0  11924     14      0 
 20260725    16:44:53       0    100     65      0      0      0      0  13512     14      0 
 20260725    16:44:54       0     83     50      0      0      0      0  13506     14      0 
 20260725    16:44:55       0     99     64      0      0      0      0  13510     14      0 
 20260725    16:44:56       0     93     63      0      0      0      0  13512     14      0 
 20260725    16:44:57       0     99     61      0      0      0      0  10354     14      0 
 20260725    16:44:58       0     98     56      0      0      0      0  13506     14      0 
 20260725    16:44:59       0     97     55      0      0      0      0  13510     14      0 
 20260725    16:45:00       0     96     58      0      0      0      0  10356     14      0 
 20260725    16:45:01       0     36     15      0      0      0      0  13502     14      0 
 20260725    16:45:02       0     99     62      0      0      0      0  13506     14      0 
 20260725    16:45:03       0     97     57      0      0      0      0  13512     14      0 
 20260725    16:45:04       0     98     54      0      0      0      0  13510     14      0 
 20260725    16:45:05       0     98     61      0      0      0      0  13506     14      0 
 20260725    16:45:06       0    100     64      0      0      0      0  11920     14      0 
 20260725    16:45:07       0     98     59      0      0      0      0  12552     14      0 
 20260725    16:45:08       0     98     60      0      0      0      0  13510     14      0 
 20260725    16:45:09       0     97     66      0      0      0      0  13510     14      0 
 20260725    16:45:10       0     96     53      0      0      0      0  11928     14      0 
 20260725    16:45:11       0     99     65      0      0      0      0  13510     14      0 
 20260725    16:45:12       0     96     61      0      0      0      0  13506     14      0 
 20260725    16:45:13       0    100     63      0      0      0      0  13506     14      0 
 20260725    16:45:14       0     97     55      0      0      0      0  13510     14      0 
 20260725    16:45:15       0     98     59      0      0      0      0  13510     14      0 
 20260725    16:45:16       0     99     61      0      0      0      0  13512     14      0 
 20260725    16:45:18       0     96     70      0      0      0      0  13506     14      0 
 20260725    16:45:19       0     98     62      0      0      0      0  11932     14      0 
 20260725    16:45:20       0     98     62      0      0      0      0  13510     14      0 
 20260725    16:45:21       0     97     59      0      0      0      0  13506     14      0 
 20260725    16:45:22       0     98     57      0      0      0      0  12734     14      0 
 20260725    16:45:23       0    100     65      0      0      0      0  13510     14      0 
 20260725    16:45:24       0     69     21      0      0      0      0  12552     14      0 
 20260725    16:45:25       0    100     63      0      0      0      0  13510     14      0 
 20260725    16:45:26       0     95     43      0      0      0      0  11932     14      0 
#Date        Time         gpu     sm    mem    enc    dec    jpg    ofa     fb   bar1   ccpm 
#YYYYMMDD    HH:MM:SS     Idx      %      %      %      %      %      %     MB     MB     MB 
 20260725    16:45:27       0    100     64      0      0      0      0  13512     14      0 
 20260725    16:45:28       0     99     62      0      0      0      0  11932     14      0 
 20260725    16:45:29       0     41     24      0      0      0      0  13512     14      0 
 20260725    16:45:30       0     98     56      0      0      0      0  13510     14      0 
 20260725    16:45:31       0     74     43      0      0      0      0  13502     14      0 
 20260725    16:45:32       0     98     60      0      0      0      0  13510     14      0 
 20260725    16:45:33       0     78     25      0      0      0      0  13502     14      0 
 20260725    16:45:34       0    100     65      0      0      0      0  13506     14      0 
 20260725    16:45:35       0     81     44      0      0      0      0  13504     14      0 
 20260725    16:45:36       0     99     64      0      0      0      0  13506     14      0 
 20260725    16:45:37       0     99     60      0      0      0      0  13510     14      0 
 20260725    16:45:38       0     99     64      0      0      0      0  13510     14      0 
 20260725    16:45:39       0     97     65      0      0      0      0  11924     14      0 
 20260725    16:45:40       0    100     65      0      0      0      0  13510     14      0 
 20260725    16:45:41       0     94     45      0      0      0      0  13512     14      0 
 20260725    16:45:42       0     99     66      0      0      0      0  11928     14      0 
 20260725    16:45:43       0    100     65      0      0      0      0  11924     14      0 
 20260725    16:45:44       0     98     59      0      0      0      0  13498     14      0 
 20260725    16:45:45       0     87     54      0      0      0      0  11932     14      0 
 20260725    16:45:46       0     98     61      0      0      0      0  11932     14      0 
 20260725    16:45:47       0     99     62      0      0      0      0  10354     14      0 
 20260725    16:45:48       0     99     62      0      0      0      0  13512     14      0 
 20260725    16:45:49       0     80     31      0      0      0      0  13510     14      0 
 20260725    16:45:50       0     98     60      0      0      0      0  13510     14      0 
 20260725    16:45:51       0     94     46      0      0      0      0  13506     14      0 
 20260725    16:45:52       0    100     64      0      0      0      0  11936     14      0 
 20260725    16:45:53       0     99     62      0      0      0      0  13500     14      0 
 20260725    16:45:54       0     62     33      0      0      0      0   7198     14      0 
 20260725    16:45:55       0      3      2      0      0      0      0   2274      8      0 
 20260725    16:45:56       0      2      1      0      0      0      0     44      4      0 
 20260725    16:45:57       0      0      0      0      0      0      0     44      4      0 
 20260725    16:45:58       0      0      0      0      0      0      0     44      4      0 
 20260725    16:45:59       0      0      0      0      0      0      0     44      4      0 
 20260725    16:46:00       0      0      0      0      0      0      0     44      4      0 
