#Date        Time         gpu     sm    mem    enc    dec    jpg    ofa     fb   bar1   ccpm 
#YYYYMMDD    HH:MM:SS     Idx      %      %      %      %      %      %     MB     MB     MB 
 20260725    16:33:16       0      0      0      0      0      0      0     44      4      0 
 20260725    16:33:17       0      0      0      0      0      0      0     44      4      0 
 20260725    16:33:18       0      0      0      0      0      0      0     44      4      0 
 20260725    16:33:19       0     99      1      0      0      0      0   3010     14      0 
 20260725    16:33:20       0     60      1      0      0      0      0   6130     14      0 
 20260725    16:33:21       0     23      9      0      0      0      0   5892     14      0 
 20260725    16:33:22       0     81     50      0      0      0      0  30452     14      0 
 20260725    16:33:23       0    100     62      0      0      0      0   7128     14      0 
 20260725    16:33:24       0     21      1      0      0      0      0  13114     14      0 
 20260725    16:33:25       0     71     43      0      0      0      0  13512     14      0 
 20260725    16:33:26       0     98     61      0      0      0      0  10350     14      0 
 20260725    16:33:27       0     95     42      0      0      0      0  13510     14      0 
 20260725    16:33:28       0     98     68      0      0      0      0  12734     14      0 
 20260725    16:33:29       0     94     56      0      0      0      0  13510     14      0 
 20260725    16:33:30       0    100     64      0      0      0      0  10546     14      0 
 20260725    16:33:31       0    100     65      0      0      0      0  13502     14      0 
 20260725    16:33:32       0     94     71      0      0      0      0  13510     14      0 
 20260725    16:33:33       0     89     55      0      0      0      0  13506     14      0 
 20260725    16:33:34       0     98     56      0      0      0      0  13510     14      0 
 20260725    16:33:35       0    100     64      0      0      0      0  13506     14      0 
 20260725    16:33:36       0     97     52      0      0      0      0  13510     14      0 
 20260725    16:33:37       0     84     45      0      0      0      0  13510     14      0 
 20260725    16:33:38       0     99     60      0      0      0      0  13498     14      0 
 20260725    16:33:39       0     95     68      0      0      0      0  13510     14      0 
 20260725    16:33:40       0     98     60      0      0      0      0  13512     14      0 
 20260725    16:33:41       0     84     50      0      0      0      0  13510     14      0 
 20260725    16:33:42       0    100     64      0      0      0      0  10346     14      0 
 20260725    16:33:43       0     90     40      0      0      0      0  13510     14      0 
 20260725    16:33:44       0     98     61      0      0      0      0  13510     14      0 
 20260725    16:33:45       0     76     26      0      0      0      0  13512     14      0 
 20260725    16:33:46       0     98     57      0      0      0      0  10974     14      0 
 20260725    16:33:47       0     96     58      0      0      0      0  13510     14      0 
 20260725    16:33:48       0    100     64      0      0      0      0  13510     14      0 
 20260725    16:33:49       0     99     60      0      0      0      0  13510     14      0 
 20260725    16:33:50       0     82     60      0      0      0      0  13508     14      0 
 20260725    16:33:51       0     99     63      0      0      0      0  13512     14      0 
 20260725    16:33:52       0     91     58      0      0      0      0  13510     14      0 
 20260725    16:33:53       0     98     61      0      0      0      0  13510     14      0 
 20260725    16:33:54       0     93     59      0      0      0      0  11928     14      0 
 20260725    16:33:55       0     98     59      0      0      0      0  11932     14      0 
 20260725    16:33:56       0     24     14      0      0      0      0  13512     14      0 
 20260725    16:33:57       0     98     59      0      0      0      0  13506     14      0 
 20260725    16:33:58       0     97     55      0      0      0      0  13502     14      0 
 20260725    16:33:59       0     97     58      0      0      0      0  13506     14      0 
#Date        Time         gpu     sm    mem    enc    dec    jpg    ofa     fb   bar1   ccpm 
#YYYYMMDD    HH:MM:SS     Idx      %      %      %      %      %      %     MB     MB     MB 
 20260725    16:34:00       0     97     52      0      0      0      0  13510     14      0 
 20260725    16:34:01       0     99     63      0      0      0      0  11932     14      0 
 20260725    16:34:02       0     99     64      0      0      0      0  13512     14      0 
 20260725    16:34:03       0     98     55      0      0      0      0  13508     14      0 
 20260725    16:34:04       0     64     15      0      0      0      0  11928     14      0 
 20260725    16:34:05       0    100     64      0      0      0      0  13506     14      0 
 20260725    16:34:06       0     64     18      0      0      0      0  10354     14      0 
 20260725    16:34:07       0     93     57      0      0      0      0  13512     14      0 
 20260725    16:34:08       0     82     43      0      0      0      0  13506     14      0 
 20260725    16:34:09       0    100     64      0      0      0      0  13498     14      0 
 20260725    16:34:10       0     99     63      0      0      0      0  13506     14      0 
 20260725    16:34:11       0     78     47      0      0      0      0  11924     14      0 
 20260725    16:34:12       0     98     58      0      0      0      0  13504     14      0 
 20260725    16:34:13       0     99     62      0      0      0      0  13510     14      0 
 20260725    16:34:14       0     50     19      0      0      0      0  13506     14      0 
 20260725    16:34:15       0     99     64      0      0      0      0  11932     14      0 
 20260725    16:34:16       0     83     53      0      0      0      0  11924     14      0 
 20260725    16:34:17       0     97     54      0      0      0      0  11928     14      0 
 20260725    16:34:18       0     97     59      0      0      0      0  13510     14      0 
 20260725    16:34:19       0     97     57      0      0      0      0  11934     14      0 
 20260725    16:34:20       0    100     64      0      0      0      0   8776     14      0 
 20260725    16:34:21       0     99     63      0      0      0      0  11932     14      0 
 20260725    16:34:22       0     99     65      0      0      0      0  13512     14      0 
 20260725    16:34:23       0     94     56      0      0      0      0  13506     14      0 
 20260725    16:34:24       0     99     63      0      0      0      0  13510     14      0 
 20260725    16:34:25       0     98     55      0      0      0      0   8772     14      0 
 20260725    16:34:26       0     85     42      0      0      0      0  13506     14      0 
 20260725    16:34:27       0    100     63      0      0      0      0  13510     14      0 
 20260725    16:34:28       0     94     54      0      0      0      0  11928     14      0 
 20260725    16:34:29       0     98     58      0      0      0      0  13506     14      0 
 20260725    16:34:30       0     97     53      0      0      0      0  10350     14      0 
 20260725    16:34:31       0    100     66      0      0      0      0  13510     14      0 
 20260725    16:34:32       0     48     24      0      0      0      0  13506     14      0 
 20260725    16:34:34       0    100     65      0      0      0      0  13510     14      0 
 20260725    16:34:35       0     49     22      0      0      0      0  13498     14      0 
 20260725    16:34:36       0    100     65      0      0      0      0  13512     14      0 
 20260725    16:34:37       0     79     38      0      0      0      0  11932     14      0 
 20260725    16:34:38       0     98     59      0      0      0      0  13510     14      0 
 20260725    16:34:39       0     98     56      0      0      0      0  13506     14      0 
 20260725    16:34:40       0    100     64      0      0      0      0  13502     14      0 
 20260725    16:34:41       0     99     62      0      0      0      0  13510     14      0 
 20260725    16:34:42       0     88     51      0      0      0      0  13510     14      0 
 20260725    16:34:43       0     97     61      0      0      0      0  13508     14      0 
 20260725    16:34:44       0     97     57      0      0      0      0  13506     14      0 
#Date        Time         gpu     sm    mem    enc    dec    jpg    ofa     fb   bar1   ccpm 
#YYYYMMDD    HH:MM:SS     Idx      %      %      %      %      %      %     MB     MB     MB 
 20260725    16:34:45       0     94     59      0      0      0      0  13502     14      0 
 20260725    16:34:46       0     99     62      0      0      0      0  13512     14      0 
 20260725    16:34:47       0     78     18      0      0      0      0  13508     14      0 
 20260725    16:34:48       0    100     66      0      0      0      0  13510     14      0 
 20260725    16:34:49       0     97     55      0      0      0      0  13506     14      0 
 20260725    16:34:50       0     95     67      0      0      0      0  10978     14      0 
 20260725    16:34:51       0     64     30      0      0      0      0  13510     14      0 
 20260725    16:34:52       0     98     57      0      0      0      0  13512     14      0 
 20260725    16:34:53       0    100     65      0      0      0      0  12552     14      0 
 20260725    16:34:54       0     81     45      0      0      0      0  13510     14      0 
 20260725    16:34:55       0     98     60      0      0      0      0  13510     14      0 
 20260725    16:34:56       0     98     62      0      0      0      0  13506     14      0 
 20260725    16:34:57       0     98     59      0      0      0      0  13510     14      0 
 20260725    16:34:58       0     94     48      0      0      0      0  13498     14      0 
 20260725    16:34:59       0    100     64      0      0      0      0  13506     14      0 
 20260725    16:35:00       0     56     25      0      0      0      0  13510     14      0 
 20260725    16:35:01       0     95     68      0      0      0      0  11928     14      0 
 20260725    16:35:02       0    100     64      0      0      0      0  12558     14      0 
 20260725    16:35:03       0     96     68      0      0      0      0  13506     14      0 
 20260725    16:35:04       0    100     66      0      0      0      0  11928     14      0 
 20260725    16:35:05       0     31     18      0      0      0      0  11932     14      0 
 20260725    16:35:06       0     98     64      0      0      0      0  10358     14      0 
 20260725    16:35:07       0     97     57      0      0      0      0  11932     14      0 
 20260725    16:35:08       0     97     56      0      0      0      0  13506     14      0 
 20260725    16:35:09       0     98     57      0      0      0      0  13510     14      0 
 20260725    16:35:10       0     99     65      0      0      0      0  12556     14      0 
 20260725    16:35:11       0     97     56      0      0      0      0  13506     14      0 
 20260725    16:35:12       0     99     66      0      0      0      0  13510     14      0 
 20260725    16:35:13       0     94     36      0      0      0      0   8778     14      0 
 20260725    16:35:14       0     28      6      0      0      0      0   2274      8      0 
 20260725    16:35:15       0      0      0      0      0      0      0     44      4      0 
 20260725    16:35:16       0      0      0      0      0      0      0     44      4      0 
 20260725    16:35:17       0      0      0      0      0      0      0     44      4      0 
 20260725    16:35:18       0      0      0      0      0      0      0     44      4      0 
 20260725    16:35:19       0      0      0      0      0      0      0     44      4      0 
