#Date        Time         gpu     sm    mem    enc    dec    jpg    ofa     fb   bar1   ccpm 
#YYYYMMDD    HH:MM:SS     Idx      %      %      %      %      %      %     MB     MB     MB 
 20260725    16:35:21       0      0      0      0      0      0      0     44      4      0 
 20260725    16:35:22       0      0      0      0      0      0      0     44      4      0 
 20260725    16:35:23       0      0      0      0      0      0      0     44      4      0 
 20260725    16:35:24       0     99      1      0      0      0      0   3604     16      0 
 20260725    16:35:25       0      0      0      0      0      0      0   5324     16      0 
 20260725    16:35:26       0     70      7      0      0      0      0   7684     16      0 
 20260725    16:35:27       0     91     60      0      0      0      0   6926     16      0 
 20260725    16:35:28       0    100     56      0      0      0      0  23366     16      0 
 20260725    16:35:29       0     99     48      0      0      0      0  11862     16      0 
 20260725    16:35:30       0     96     55      0      0      0      0  14546     16      0 
 20260725    16:35:31       0     99     64      0      0      0      0  16206     16      0 
 20260725    16:35:32       0     98     59      0      0      0      0  16198     16      0 
 20260725    16:35:33       0     95     42      0      0      0      0  16200     16      0 
 20260725    16:35:34       0     96     59      0      0      0      0  16204     16      0 
 20260725    16:35:35       0     98     60      0      0      0      0  16204     16      0 
 20260725    16:35:36       0     98     62      0      0      0      0  14626     16      0 
 20260725    16:35:37       0     97     65      0      0      0      0  15250     16      0 
 20260725    16:35:38       0     73     32      0      0      0      0  16196     16      0 
 20260725    16:35:39       0    100     64      0      0      0      0  16204     16      0 
 20260725    16:35:40       0    100     66      0      0      0      0  14630     16      0 
 20260725    16:35:41       0     97     57      0      0      0      0  14284     16      0 
 20260725    16:35:42       0     98     68      0      0      0      0  16204     16      0 
 20260725    16:35:43       0     60     31      0      0      0      0  16200     16      0 
 20260725    16:35:44       0     99     56      0      0      0      0  16198     16      0 
 20260725    16:35:45       0     97     70      0      0      0      0  16204     16      0 
 20260725    16:35:46       0     98     61      0      0      0      0  16196     16      0 
 20260725    16:35:47       0     96     64      0      0      0      0  14626     16      0 
 20260725    16:35:48       0     98     55      0      0      0      0  16204     16      0 
 20260725    16:35:49       0     93     59      0      0      0      0  16204     16      0 
 20260725    16:35:50       0     98     61      0      0      0      0  14676     16      0 
 20260725    16:35:51       0     98     63      0      0      0      0  14630     16      0 
 20260725    16:35:52       0     98     56      0      0      0      0  14622     16      0 
 20260725    16:35:53       0     96     58      0      0      0      0  16204     16      0 
 20260725    16:35:54       0    100     65      0      0      0      0  16206     16      0 
 20260725    16:35:55       0     99     65      0      0      0      0  14616     16      0 
 20260725    16:35:56       0     94     33      0      0      0      0  16204     16      0 
 20260725    16:35:57       0     98     60      0      0      0      0  16204     16      0 
 20260725    16:35:58       0     98     62      0      0      0      0  16204     16      0 
 20260725    16:35:59       0    100     63      0      0      0      0  14626     16      0 
 20260725    16:36:00       0     98     56      0      0      0      0  16202     16      0 
 20260725    16:36:01       0     97     52      0      0      0      0  16200     16      0 
 20260725    16:36:02       0     98     54      0      0      0      0  14622     16      0 
 20260725    16:36:03       0     97     59      0      0      0      0  16196     16      0 
 20260725    16:36:04       0     95     52      0      0      0      0  16204     16      0 
#Date        Time         gpu     sm    mem    enc    dec    jpg    ofa     fb   bar1   ccpm 
#YYYYMMDD    HH:MM:SS     Idx      %      %      %      %      %      %     MB     MB     MB 
 20260725    16:36:05       0     96     52      0      0      0      0  16204     16      0 
 20260725    16:36:06       0     98     60      0      0      0      0  14622     16      0 
 20260725    16:36:07       0     97     53      0      0      0      0  16200     16      0 
 20260725    16:36:08       0     96     49      0      0      0      0  16204     16      0 
 20260725    16:36:09       0     97     59      0      0      0      0  14626     16      0 
 20260725    16:36:10       0    100     66      0      0      0      0  13040     16      0 
 20260725    16:36:11       0     89     51      0      0      0      0  16206     16      0 
 20260725    16:36:12       0     98     58      0      0      0      0  16202     16      0 
 20260725    16:36:13       0     99     59      0      0      0      0  16200     16      0 
 20260725    16:36:14       0    100     65      0      0      0      0  14622     16      0 
 20260725    16:36:15       0     64     34      0      0      0      0  16204     16      0 
 20260725    16:36:16       0     94     42      0      0      0      0  16202     16      0 
 20260725    16:36:17       0     97     54      0      0      0      0  16204     16      0 
 20260725    16:36:18       0     99     62      0      0      0      0  16196     16      0 
 20260725    16:36:19       0     97     54      0      0      0      0  13050     16      0 
 20260725    16:36:20       0     93     52      0      0      0      0  16204     16      0 
 20260725    16:36:21       0     98     62      0      0      0      0  16200     16      0 
 20260725    16:36:22       0    100     64      0      0      0      0  14624     16      0 
 20260725    16:36:23       0     88     40      0      0      0      0  14626     16      0 
 20260725    16:36:24       0     99     62      0      0      0      0  16192     16      0 
 20260725    16:36:25       0     97     66      0      0      0      0  16206     16      0 
 20260725    16:36:26       0     92     55      0      0      0      0  16204     16      0 
 20260725    16:36:27       0     91     59      0      0      0      0  16200     16      0 
 20260725    16:36:28       0     96     53      0      0      0      0  14622     16      0 
 20260725    16:36:29       0     97     65      0      0      0      0  14626     16      0 
 20260725    16:36:30       0     95     50      0      0      0      0  16204     16      0 
 20260725    16:36:31       0     81     41      0      0      0      0  16204     16      0 
 20260725    16:36:32       0     93     48      0      0      0      0  16204     16      0 
 20260725    16:36:33       0    100     64      0      0      0      0  13036     16      0 
 20260725    16:36:34       0     93     52      0      0      0      0  16204     16      0 
 20260725    16:36:35       0     98     61      0      0      0      0  14622     16      0 
 20260725    16:36:36       0     98     60      0      0      0      0  14622     16      0 
 20260725    16:36:37       0     98     54      0      0      0      0  16200     16      0 
 20260725    16:36:38       0     98     60      0      0      0      0  16198     16      0 
 20260725    16:36:39       0     98     59      0      0      0      0  16200     16      0 
 20260725    16:36:40       0     97     60      0      0      0      0  16204     16      0 
 20260725    16:36:41       0     96     58      0      0      0      0  16204     16      0 
 20260725    16:36:42       0     97     57      0      0      0      0  16196     16      0 
 20260725    16:36:43       0     99     62      0      0      0      0  16200     16      0 
 20260725    16:36:44       0     99     64      0      0      0      0  16206     16      0 
 20260725    16:36:45       0     96     56      0      0      0      0  16204     16      0 
 20260725    16:36:46       0     94     59      0      0      0      0  16204     16      0 
 20260725    16:36:47       0     97     53      0      0      0      0  16206     16      0 
 20260725    16:36:48       0     97     56      0      0      0      0  16196     16      0 
#Date        Time         gpu     sm    mem    enc    dec    jpg    ofa     fb   bar1   ccpm 
#YYYYMMDD    HH:MM:SS     Idx      %      %      %      %      %      %     MB     MB     MB 
 20260725    16:36:49       0    100     65      0      0      0      0  16204     16      0 
 20260725    16:36:50       0     90     35      0      0      0      0  16204     16      0 
 20260725    16:36:51       0     93     68      0      0      0      0  16204     16      0 
 20260725    16:36:52       0     95     49      0      0      0      0  16198     16      0 
 20260725    16:36:53       0    100     65      0      0      0      0  16204     16      0 
 20260725    16:36:54       0     99     59      0      0      0      0  16204     16      0 
 20260725    16:36:55       0     86     38      0      0      0      0  16200     16      0 
 20260725    16:36:56       0     99     62      0      0      0      0  16196     16      0 
 20260725    16:36:57       0     98     59      0      0      0      0  16196     16      0 
 20260725    16:36:58       0     97     57      0      0      0      0  16204     16      0 
 20260725    16:36:59       0     99     64      0      0      0      0  14626     16      0 
 20260725    16:37:00       0     99     65      0      0      0      0  16206     16      0 
 20260725    16:37:01       0     97     53      0      0      0      0  16204     16      0 
 20260725    16:37:02       0     97     63      0      0      0      0  16202     16      0 
 20260725    16:37:04       0     98     61      0      0      0      0  16206     16      0 
 20260725    16:37:05       0     94     66      0      0      0      0  16204     16      0 
 20260725    16:37:06       0     98     62      0      0      0      0  15246     16      0 
 20260725    16:37:07       0     99     63      0      0      0      0  16204     16      0 
 20260725    16:37:08       0     98     60      0      0      0      0  16200     16      0 
 20260725    16:37:09       0     95     46      0      0      0      0  16196     16      0 
 20260725    16:37:10       0     94     61      0      0      0      0  16204     16      0 
 20260725    16:37:11       0     98     60      0      0      0      0  16204     16      0 
 20260725    16:37:12       0     98     69      0      0      0      0  16200     16      0 
 20260725    16:37:13       0     91     61      0      0      0      0  16204     16      0 
 20260725    16:37:14       0    100     65      0      0      0      0  13048     16      0 
 20260725    16:37:15       0     97     55      0      0      0      0   5620     14      0 
 20260725    16:37:16       0      0      0      0      0      0      0   1159      6      0 
 20260725    16:37:17       0      2      1      0      0      0      0     44      4      0 
 20260725    16:37:18       0      0      0      0      0      0      0     44      4      0 
 20260725    16:37:19       0      0      0      0      0      0      0     44      4      0 
 20260725    16:37:20       0      0      0      0      0      0      0     44      4      0 
 20260725    16:37:21       0      0      0      0      0      0      0     44      4      0 
