#Date        Time         gpu     sm    mem    enc    dec    jpg    ofa     fb   bar1   ccpm 
#YYYYMMDD    HH:MM:SS     Idx      %      %      %      %      %      %     MB     MB     MB 
 20260725    16:17:44       0      0      0      0      0      0      0     44      4      0 
 20260725    16:17:45       0      0      0      0      0      0      0    147      6      0 
 20260725    16:17:46       0      0      0      0      0      0      0   1261      6      0 
 20260725    16:17:47       0      0      0      0      0      0      0   1421      6      0 
 20260725    16:17:48       0      0      0      0      0      0      0   1421      6      0 
 20260725    16:17:49       0      0      0      0      0      0      0   1421      6      0 
 20260725    16:17:50       0      0      0      0      0      0      0   1231      6      0 
 20260725    16:17:51       0     52     32      0      0      0      0   1437      6      0 
 20260725    16:17:52       0      3      0      0      0      0      0   2737      6      0 
 20260725    16:17:53       0      1      0      0      0      0      0   2737      6      0 
 20260725    16:17:54       0     43     27      0      0      0      0   2739      6      0 
 20260725    16:17:55       0     18     11      0      0      0      0   1159      6      0 
 20260725    16:17:56       0      9      0      0      0      0      0   2739      6      0 
 20260725    16:17:57       0     27     15      0      0      0      0   2733      6      0 
 20260725    16:17:58       0     19      3      0      0      0      0   2737      6      0 
 20260725    16:17:59       0     67     45      0      0      0      0   2737      6      0 
 20260725    16:18:00       0     28     18      0      0      0      0   2733      6      0 
 20260725    16:18:01       0     12      7      0      0      0      0   2737      6      0 
 20260725    16:18:02       0     21     13      0      0      0      0   2737      6      0 
 20260725    16:18:03       0     10      6      0      0      0      0   2737      6      0 
 20260725    16:18:04       0     26     17      0      0      0      0   2737      6      0 
 20260725    16:18:05       0     21     13      0      0      0      0   1783      6      0 
 20260725    16:18:06       0     15      6      0      0      0      0   2737      6      0 
 20260725    16:18:07       0     70     46      0      0      0      0   2737      6      0 
 20260725    16:18:08       0     21     13      0      0      0      0   2733      6      0 
 20260725    16:18:09       0     21     10      0      0      0      0   2737      6      0 
 20260725    16:18:10       0     43     24      0      0      0      0   2737      6      0 
 20260725    16:18:11       0     34     22      0      0      0      0   2737      6      0 
 20260725    16:18:12       0      0      0      0      0      0      0   2737      6      0 
 20260725    16:18:13       0      3      2      0      0      0      0   2733      6      0 
 20260725    16:18:14       0     38     22      0      0      0      0   2737      6      0 
 20260725    16:18:15       0     55     50      0      0      0      0   2737      6      0 
 20260725    16:18:16       0      0      0      0      0      0      0   2737      6      0 
 20260725    16:18:17       0     83     54      0      0      0      0   2733      6      0 
 20260725    16:18:18       0     69     45      0      0      0      0   2739      6      0 
 20260725    16:18:19       0     19      4      0      0      0      0   2737      6      0 
 20260725    16:18:20       0      1      0      0      0      0      0   2737      6      0 
 20260725    16:18:21       0     52     34      0      0      0      0   2737      6      0 
 20260725    16:18:22       0      0      0      0      0      0      0   2737      6      0 
 20260725    16:18:23       0     19      5      0      0      0      0   1159      6      0 
 20260725    16:18:24       0     56     36      0      0      0      0   2737      6      0 
 20260725    16:18:25       0     38     25      0      0      0      0   2737      6      0 
 20260725    16:18:26       0     18     11      0      0      0      0   2737      6      0 
 20260725    16:18:27       0      0      0      0      0      0      0   2737      6      0 
#Date        Time         gpu     sm    mem    enc    dec    jpg    ofa     fb   bar1   ccpm 
#YYYYMMDD    HH:MM:SS     Idx      %      %      %      %      %      %     MB     MB     MB 
 20260725    16:18:28       0     21     13      0      0      0      0   2733      6      0 
 20260725    16:18:29       0     35     22      0      0      0      0   2737      6      0 
 20260725    16:18:30       0     25     12      0      0      0      0   2737      6      0 
 20260725    16:18:31       0     16      4      0      0      0      0   2733      6      0 
 20260725    16:18:32       0     83     54      0      0      0      0   2733      6      0 
 20260725    16:18:33       0     81     53      0      0      0      0   2737      6      0 
 20260725    16:18:34       0     19      3      0      0      0      0   2737      6      0 
 20260725    16:18:35       0     25     13      0      0      0      0   2739      6      0 
 20260725    16:18:36       0     21     13      0      0      0      0   2737      6      0 
 20260725    16:18:37       0     74     73      0      0      0      0   2737      6      0 
 20260725    16:18:39       0     79     51      0      0      0      0   2737      6      0 
 20260725    16:18:40       0     21     13      0      0      0      0   2737      6      0 
 20260725    16:18:41       0     10      4      0      0      0      0   2737      6      0 
 20260725    16:18:42       0     16      5      0      0      0      0   2737      6      0 
 20260725    16:18:43       0     28     16      0      0      0      0   2737      6      0 
 20260725    16:18:44       0     61     40      0      0      0      0   1159      6      0 
 20260725    16:18:45       0      7      4      0      0      0      0   2737      6      0 
 20260725    16:18:46       0     28     24      0      0      0      0   1159      6      0 
 20260725    16:18:47       0      3      2      0      0      0      0   2737      6      0 
 20260725    16:18:48       0     60     38      0      0      0      0   2737      6      0 
 20260725    16:18:49       0     40     22      0      0      0      0   2733      6      0 
 20260725    16:18:50       0     21     13      0      0      0      0   2737      6      0 
 20260725    16:18:51       0     83     54      0      0      0      0   2737      6      0 
 20260725    16:18:52       0     47     21      0      0      0      0   2737      6      0 
 20260725    16:18:53       0     47     30      0      0      0      0   2737      6      0 
 20260725    16:18:54       0      0      0      0      0      0      0   2733      6      0 
 20260725    16:18:55       0     24     10      0      0      0      0   2737      6      0 
 20260725    16:18:56       0     16      3      0      0      0      0   1159      6      0 
 20260725    16:18:57       0     25     15      0      0      0      0   2737      6      0 
 20260725    16:18:58       0     41     20      0      0      0      0   2737      6      0 
 20260725    16:18:59       0     19      8      0      0      0      0   1159      6      0 
 20260725    16:19:00       0     45     29      0      0      0      0   2737      6      0 
 20260725    16:19:01       0      0      0      0      0      0      0   2737      6      0 
 20260725    16:19:02       0     42     27      0      0      0      0   2737      6      0 
 20260725    16:19:03       0      0      0      0      0      0      0   2737      6      0 
 20260725    16:19:04       0      0      0      0      0      0      0   1159      6      0 
 20260725    16:19:05       0     83     54      0      0      0      0   2737      6      0 
 20260725    16:19:06       0     38     18      0      0      0      0   2733      6      0 
 20260725    16:19:07       0     30      3      0      0      0      0   2737      6      0 
 20260725    16:19:08       0     18      7      0      0      0      0   2733      6      0 
 20260725    16:19:09       0     27     14      0      0      0      0   2737      6      0 
 20260725    16:19:10       0      3      2      0      0      0      0   2733      6      0 
 20260725    16:19:11       0     20      2      0      0      0      0   2737      6      0 
 20260725    16:19:12       0     25     12      0      0      0      0   2733      6      0 
#Date        Time         gpu     sm    mem    enc    dec    jpg    ofa     fb   bar1   ccpm 
#YYYYMMDD    HH:MM:SS     Idx      %      %      %      %      %      %     MB     MB     MB 
 20260725    16:19:13       0     18     11      0      0      0      0   2737      6      0 
 20260725    16:19:14       0      5      3      0      0      0      0   2737      6      0 
 20260725    16:19:15       0     34     20      0      0      0      0   2737      6      0 
 20260725    16:19:16       0      0      0      0      0      0      0   2737      6      0 
 20260725    16:19:17       0     18     11      0      0      0      0   2737      6      0 
 20260725    16:19:18       0      4      0      0      0      0      0   2739      6      0 
 20260725    16:19:19       0     28     18      0      0      0      0   2737      6      0 
 20260725    16:19:20       0     83     54      0      0      0      0   2733      6      0 
 20260725    16:19:21       0      8      4      0      0      0      0   2737      6      0 
 20260725    16:19:22       0     17      3      0      0      0      0   2737      6      0 
 20260725    16:19:23       0     20      0      0      0      0      0   2737      6      0 
 20260725    16:19:24       0     21     13      0      0      0      0   2737      6      0 
 20260725    16:19:25       0      0      0      0      0      0      0   2737      6      0 
 20260725    16:19:26       0     21     13      0      0      0      0   2737      6      0 
 20260725    16:19:27       0     33     30      0      0      0      0   2737      6      0 
 20260725    16:19:28       0     18      3      0      0      0      0   1159      6      0 
 20260725    16:19:29       0      3      2      0      0      0      0   2737      6      0 
 20260725    16:19:30       0     20      6      0      0      0      0   2737      6      0 
 20260725    16:19:31       0     36     14      0      0      0      0   2737      6      0 
 20260725    16:19:32       0     52     32      0      0      0      0   2737      6      0 
 20260725    16:19:33       0     15      2      0      0      0      0   1159      6      0 
 20260725    16:19:34       0     21     13      0      0      0      0   2737      6      0 
 20260725    16:19:35       0     18     11      0      0      0      0   2737      6      0 
 20260725    16:19:36       0     55     35      0      0      0      0   2733      6      0 
 20260725    16:19:37       0     18     11      0      0      0      0   2737      6      0 
 20260725    16:19:38       0     83     54      0      0      0      0   2737      6      0 
 20260725    16:19:39       0     44     28      0      0      0      0   2737      6      0 
 20260725    16:19:40       0     35     14      0      0      0      0   2733      6      0 
 20260725    16:19:41       0     76     50      0      0      0      0   2737      6      0 
 20260725    16:19:42       0     45     30      0      0      0      0   2733      6      0 
 20260725    16:19:43       0     18     11      0      0      0      0   2737      6      0 
 20260725    16:19:44       0     11      1      0      0      0      0   2737      6      0 
 20260725    16:19:45       0     63     41      0      0      0      0   2737      6      0 
 20260725    16:19:46       0      7      3      0      0      0      0   2737      6      0 
 20260725    16:19:47       0      0      0      0      0      0      0   2733      6      0 
 20260725    16:19:48       0     59     39      0      0      0      0   2733      6      0 
 20260725    16:19:49       0      6      3      0      0      0      0   2737      6      0 
 20260725    16:19:50       0      5      0      0      0      0      0   1783      6      0 
 20260725    16:19:51       0     21     13      0      0      0      0   2737      6      0 
 20260725    16:19:52       0      8      0      0      0      0      0   2733      6      0 
 20260725    16:19:53       0     18     11      0      0      0      0   2737      6      0 
 20260725    16:19:54       0      0      0      0      0      0      0   2733      6      0 
 20260725    16:19:55       0     12      7      0      0      0      0   2737      6      0 
 20260725    16:19:56       0     80     53      0      0      0      0   2737      6      0 
#Date        Time         gpu     sm    mem    enc    dec    jpg    ofa     fb   bar1   ccpm 
#YYYYMMDD    HH:MM:SS     Idx      %      %      %      %      %      %     MB     MB     MB 
 20260725    16:19:57       0     71     47      0      0      0      0   2737      6      0 
 20260725    16:19:58       0      0      0      0      0      0      0   2733      6      0 
 20260725    16:19:59       0     18      5      0      0      0      0   1159      6      0 
 20260725    16:20:00       0      0      0      0      0      0      0   2737      6      0 
 20260725    16:20:01       0      1      0      0      0      0      0   1159      6      0 
 20260725    16:20:02       0     58     38      0      0      0      0   2737      6      0 
 20260725    16:20:03       0     23     15      0      0      0      0   2737      6      0 
 20260725    16:20:04       0     83     54      0      0      0      0   2737      6      0 
 20260725    16:20:05       0     43     28      0      0      0      0   2737      6      0 
 20260725    16:20:06       0     41     26      0      0      0      0   2737      6      0 
 20260725    16:20:07       0     22     14      0      0      0      0   2737      6      0 
 20260725    16:20:08       0     51     31      0      0      0      0   2737      6      0 
 20260725    16:20:09       0     48     41      0      0      0      0   2733      6      0 
 20260725    16:20:10       0     61     40      0      0      0      0   2733      6      0 
 20260725    16:20:11       0     46     24      0      0      0      0   2737      6      0 
 20260725    16:20:12       0     83     54      0      0      0      0   2733      6      0 
 20260725    16:20:13       0     15      1      0      0      0      0   2737      6      0 
 20260725    16:20:14       0     21     13      0      0      0      0   2737      6      0 
 20260725    16:20:15       0     53     34      0      0      0      0   2737      6      0 
 20260725    16:20:16       0     62     40      0      0      0      0   2737      6      0 
 20260725    16:20:17       0     60     39      0      0      0      0   2733      6      0 
 20260725    16:20:18       0     83     54      0      0      0      0   2739      6      0 
 20260725    16:20:19       0     74     48      0      0      0      0   1159      6      0 
 20260725    16:20:20       0     72     47      0      0      0      0   2737      6      0 
 20260725    16:20:21       0     58     38      0      0      0      0   2733      6      0 
 20260725    16:20:22       0     73     48      0      0      0      0   2737      6      0 
 20260725    16:20:23       0      0      0      0      0      0      0   1159      6      0 
 20260725    16:20:24       0     16      6      0      0      0      0   2733      6      0 
 20260725    16:20:25       0     16      1      0      0      0      0   2737      6      0 
 20260725    16:20:26       0     19     11      0      0      0      0   2733      6      0 
 20260725    16:20:27       0     77     50      0      0      0      0   2737      6      0 
 20260725    16:20:28       0     83     54      0      0      0      0   2733      6      0 
 20260725    16:20:29       0     83     54      0      0      0      0   2737      6      0 
 20260725    16:20:30       0      9      5      0      0      0      0   2733      6      0 
 20260725    16:20:31       0      0      0      0      0      0      0   2737      6      0 
 20260725    16:20:32       0      3      2      0      0      0      0   2737      6      0 
 20260725    16:20:33       0     11      0      0      0      0      0   2737      6      0 
 20260725    16:20:34       0     21     13      0      0      0      0   2737      6      0 
 20260725    16:20:35       0     31     17      0      0      0      0   2737      6      0 
 20260725    16:20:36       0     71     46      0      0      0      0   2737      6      0 
 20260725    16:20:37       0     15      8      0      0      0      0   1159      6      0 
 20260725    16:20:38       0      0      0      0      0      0      0   2737      6      0 
 20260725    16:20:39       0     19      8      0      0      0      0   2737      6      0 
 20260725    16:20:40       0     30     17      0      0      0      0   2737      6      0 
#Date        Time         gpu     sm    mem    enc    dec    jpg    ofa     fb   bar1   ccpm 
#YYYYMMDD    HH:MM:SS     Idx      %      %      %      %      %      %     MB     MB     MB 
 20260725    16:20:41       0     20      8      0      0      0      0   2737      6      0 
 20260725    16:20:42       0     30     20      0      0      0      0   2733      6      0 
 20260725    16:20:43       0     17     11      0      0      0      0   2737      6      0 
 20260725    16:20:44       0     49     29      0      0      0      0   2737      6      0 
 20260725    16:20:45       0     13      7      0      0      0      0   2733      6      0 
 20260725    16:20:46       0     83     54      0      0      0      0   2737      6      0 
 20260725    16:20:47       0     58     36      0      0      0      0   2737      6      0 
 20260725    16:20:48       0     37     20      0      0      0      0   2737      6      0 
 20260725    16:20:49       0     18     11      0      0      0      0   2733      6      0 
 20260725    16:20:50       0     83     54      0      0      0      0   2737      6      0 
 20260725    16:20:51       0     18     11      0      0      0      0   2733      6      0 
 20260725    16:20:52       0     44     23      0      0      0      0   2737      6      0 
 20260725    16:20:53       0      0      0      0      0      0      0   2737      6      0 
 20260725    16:20:54       0     18      8      0      0      0      0   2737      6      0 
 20260725    16:20:55       0     40     24      0      0      0      0   2733      6      0 
 20260725    16:20:56       0      6      4      0      0      0      0   2737      6      0 
 20260725    16:20:57       0     21     13      0      0      0      0   1303      6      0 
 20260725    16:20:58       0     25     12      0      0      0      0   2737      6      0 
 20260725    16:20:59       0     53     33      0      0      0      0   2737      6      0 
 20260725    16:21:00       0     68     45      0      0      0      0   2737      6      0 
 20260725    16:21:01       0     17      4      0      0      0      0   1783      6      0 
 20260725    16:21:02       0     17      0      0      0      0      0   2739      6      0 
 20260725    16:21:03       0     21     13      0      0      0      0   2733      6      0 
 20260725    16:21:04       0      9      0      0      0      0      0   2737      6      0 
 20260725    16:21:05       0     16     10      0      0      0      0   2737      6      0 
 20260725    16:21:06       0     21      6      0      0      0      0   2733      6      0 
 20260725    16:21:07       0     16      1      0      0      0      0   2737      6      0 
 20260725    16:21:08       0     19     11      0      0      0      0   1159      6      0 
 20260725    16:21:09       0     51     33      0      0      0      0   2737      6      0 
 20260725    16:21:10       0     18     11      0      0      0      0   2737      6      0 
 20260725    16:21:11       0     33     21      0      0      0      0   2737      6      0 
 20260725    16:21:12       0     73     48      0      0      0      0   2733      6      0 
 20260725    16:21:13       0     40     18      0      0      0      0   2737      6      0 
 20260725    16:21:14       0     21     13      0      0      0      0   2733      6      0 
 20260725    16:21:15       0     10      0      0      0      0      0   2737      6      0 
 20260725    16:21:16       0     19      4      0      0      0      0   2737      6      0 
 20260725    16:21:17       0      4      3      0      0      0      0   2737      6      0 
 20260725    16:21:18       0     65     43      0      0      0      0   2737      6      0 
 20260725    16:21:19       0     17      4      0      0      0      0   2737      6      0 
 20260725    16:21:20       0     25      1      0      0      0      0   2737      6      0 
 20260725    16:21:21       0     24     14      0      0      0      0   2733      6      0 
 20260725    16:21:22       0     20      5      0      0      0      0   2737      6      0 
 20260725    16:21:23       0     21     11      0      0      0      0   1159      6      0 
 20260725    16:21:24       0      8      4      0      0      0      0   2737      6      0 
#Date        Time         gpu     sm    mem    enc    dec    jpg    ofa     fb   bar1   ccpm 
#YYYYMMDD    HH:MM:SS     Idx      %      %      %      %      %      %     MB     MB     MB 
 20260725    16:21:25       0     26     12      0      0      0      0   2737      6      0 
 20260725    16:21:26       0      3      0      0      0      0      0   2737      6      0 
 20260725    16:21:27       0     18     11      0      0      0      0   2737      6      0 
 20260725    16:21:28       0     78     51      0      0      0      0   2737      6      0 
 20260725    16:21:29       0     37     22      0      0      0      0   2739      6      0 
 20260725    16:21:30       0     42     25      0      0      0      0   2737      6      0 
 20260725    16:21:31       0     23      1      0      0      0      0   1159      6      0 
 20260725    16:21:32       0     18     11      0      0      0      0   2737      6      0 
 20260725    16:21:33       0     69     45      0      0      0      0   2737      6      0 
 20260725    16:21:34       0     31     19      0      0      0      0   2737      6      0 
 20260725    16:21:35       0     78     51      0      0      0      0   2739      6      0 
 20260725    16:21:36       0     16      5      0      0      0      0   2737      6      0 
 20260725    16:21:37       0      6      4      0      0      0      0   2737      6      0 
 20260725    16:21:38       0     25     11      0      0      0      0   1159      6      0 
 20260725    16:21:40       0      0      0      0      0      0      0   2733      6      0 
 20260725    16:21:41       0     39     25      0      0      0      0   2737      6      0 
 20260725    16:21:42       0      2      0      0      0      0      0   2733      6      0 
 20260725    16:21:43       0      5      3      0      0      0      0   2737      6      0 
 20260725    16:21:44       0     82     54      0      0      0      0   2737      6      0 
 20260725    16:21:45       0     43     22      0      0      0      0   2737      6      0 
 20260725    16:21:46       0     16      4      0      0      0      0   2737      6      0 
 20260725    16:21:47       0     57     35      0      0      0      0   2737      6      0 
 20260725    16:21:48       0     18      4      0      0      0      0   2737      6      0 
 20260725    16:21:49       0     61     37      0      0      0      0   1159      6      0 
 20260725    16:21:50       0      3      2      0      0      0      0   2737      6      0 
 20260725    16:21:51       0     66     43      0      0      0      0   2739      6      0 
 20260725    16:21:52       0      4      2      0      0      0      0   2733      6      0 
 20260725    16:21:53       0     18     11      0      0      0      0   2737      6      0 
 20260725    16:21:54       0     80     52      0      0      0      0   2737      6      0 
 20260725    16:21:55       0     82     54      0      0      0      0   2733      6      0 
 20260725    16:21:56       0     18     11      0      0      0      0   2737      6      0 
 20260725    16:21:57       0     45     30      0      0      0      0   2737      6      0 
 20260725    16:21:58       0     15      2      0      0      0      0   2733      6      0 
 20260725    16:21:59       0     16      0      0      0      0      0   2737      6      0 
 20260725    16:22:00       0     21     13      0      0      0      0   2733      6      0 
 20260725    16:22:01       0     31     20      0      0      0      0   2737      6      0 
 20260725    16:22:02       0      0      0      0      0      0      0   2187      6      0 
 20260725    16:22:03       0     18     12      0      0      0      0   2737      6      0 
 20260725    16:22:04       0     34     22      0      0      0      0   2737      6      0 
 20260725    16:22:05       0      0      0      0      0      0      0   2737      6      0 
 20260725    16:22:06       0      0      0      0      0      0      0   1159      6      0 
 20260725    16:22:07       0     65     42      0      0      0      0   2737      6      0 
 20260725    16:22:08       0     32     21      0      0      0      0   2737      6      0 
 20260725    16:22:09       0     83     54      0      0      0      0   2737      6      0 
#Date        Time         gpu     sm    mem    enc    dec    jpg    ofa     fb   bar1   ccpm 
#YYYYMMDD    HH:MM:SS     Idx      %      %      %      %      %      %     MB     MB     MB 
 20260725    16:22:10       0      0      0      0      0      0      0   1159      6      0 
 20260725    16:22:11       0     54     29      0      0      0      0   2739      6      0 
 20260725    16:22:12       0     21     13      0      0      0      0   2737      6      0 
 20260725    16:22:13       0     71     46      0      0      0      0   2737      6      0 
 20260725    16:22:14       0     30     11      0      0      0      0   2733      6      0 
 20260725    16:22:15       0     18     11      0      0      0      0   2737      6      0 
 20260725    16:22:16       0     19      6      0      0      0      0   2737      6      0 
 20260725    16:22:17       0     24     14      0      0      0      0   1159      6      0 
 20260725    16:22:18       0     65     43      0      0      0      0   2737      6      0 
 20260725    16:22:19       0      9      5      0      0      0      0   2737      6      0 
 20260725    16:22:20       0     12      8      0      0      0      0   1159      6      0 
 20260725    16:22:21       0     33     21      0      0      0      0   2737      6      0 
 20260725    16:22:22       0     47     29      0      0      0      0   2737      6      0 
 20260725    16:22:23       0     25      9      0      0      0      0   2737      6      0 
 20260725    16:22:24       0      2      0      0      0      0      0   2737      6      0 
 20260725    16:22:25       0     28     18      0      0      0      0   1159      6      0 
 20260725    16:22:26       0     83     54      0      0      0      0   2737      6      0 
 20260725    16:22:27       0     16      1      0      0      0      0   2737      6      0 
 20260725    16:22:28       0     10      6      0      0      0      0   1159      6      0 
 20260725    16:22:29       0     48     31      0      0      0      0   2737      6      0 
 20260725    16:22:30       0     73     48      0      0      0      0   2733      6      0 
 20260725    16:22:31       0     83     54      0      0      0      0   2737      6      0 
 20260725    16:22:32       0     16      4      0      0      0      0   2737      6      0 
 20260725    16:22:33       0     37     32      0      0      0      0   2737      6      0 
 20260725    16:22:34       0     16      1      0      0      0      0   2737      6      0 
 20260725    16:22:35       0      0      0      0      0      0      0   1783      6      0 
 20260725    16:22:36       0     72     47      0      0      0      0   2737      6      0 
 20260725    16:22:37       0     21     13      0      0      0      0   2737      6      0 
 20260725    16:22:38       0     70     45      0      0      0      0   2733      6      0 
 20260725    16:22:39       0     80     52      0      0      0      0   2737      6      0 
 20260725    16:22:40       0     24      7      0      0      0      0   2737      6      0 
 20260725    16:22:41       0     11      0      0      0      0      0   2737      6      0 
 20260725    16:22:42       0     24      7      0      0      0      0   1159      6      0 
 20260725    16:22:43       0      0      0      0      0      0      0   1159      6      0 
 20260725    16:22:44       0      0      0      0      0      0      0   1159      6      0 
 20260725    16:22:45       0      0      0      0      0      0      0   1159      6      0 
 20260725    16:22:46       0      0      0      0      0      0      0   1159      6      0 
 20260725    16:22:47       0      0      0      0      0      0      0   1159      6      0 
