#Date        Time         gpu     sm    mem    enc    dec    jpg    ofa     fb   bar1   ccpm 
#YYYYMMDD    HH:MM:SS     Idx      %      %      %      %      %      %     MB     MB     MB 
 20260725    16:09:25       0      0      0      0      0      0      0     44      4      0 
 20260725    16:09:26       0      0      0      0      0      0      0     75      6      0 
 20260725    16:09:27       0      0      0      0      0      0      0   1261      6      0 
 20260725    16:09:28       0      0      0      0      0      0      0   1421      6      0 
 20260725    16:09:29       0      0      0      0      0      0      0   1421      6      0 
 20260725    16:09:30       0      0      0      0      0      0      0   1421      6      0 
 20260725    16:09:31       0      4      3      0      0      0      0   1187      6      0 
 20260725    16:09:32       0     77     51      0      0      0      0   1437      6      0 
 20260725    16:09:33       0     51     34      0      0      0      0   2737      6      0 
 20260725    16:09:34       0     13      7      0      0      0      0   2737      6      0 
 20260725    16:09:35       0      0      0      0      0      0      0   2739      6      0 
 20260725    16:09:36       0     43     28      0      0      0      0   2737      6      0 
 20260725    16:09:37       0     21     13      0      0      0      0   2737      6      0 
 20260725    16:09:38       0      3      1      0      0      0      0   2737      6      0 
 20260725    16:09:39       0      0      0      0      0      0      0   2739      6      0 
 20260725    16:09:40       0     51     34      0      0      0      0   2737      6      0 
 20260725    16:09:41       0     77     51      0      0      0      0   2737      6      0 
 20260725    16:09:42       0     22      6      0      0      0      0   2737      6      0 
 20260725    16:09:43       0     21     13      0      0      0      0   2737      6      0 
 20260725    16:09:44       0     21     13      0      0      0      0   2737      6      0 
 20260725    16:09:45       0     51     34      0      0      0      0   2737      6      0 
 20260725    16:09:46       0     39     24      0      0      0      0   2737      6      0 
 20260725    16:09:47       0     50     33      0      0      0      0   2737      6      0 
 20260725    16:09:48       0      0      0      0      0      0      0   2737      6      0 
 20260725    16:09:49       0      0      0      0      0      0      0   2737      6      0 
 20260725    16:09:50       0      0      0      0      0      0      0   2733      6      0 
 20260725    16:09:51       0      0      0      0      0      0      0   2737      6      0 
 20260725    16:09:52       0     83     54      0      0      0      0   2737      6      0 
 20260725    16:09:53       0     29     15      0      0      0      0   2733      6      0 
 20260725    16:09:54       0      0      0      0      0      0      0   2737      6      0 
 20260725    16:09:55       0     83     54      0      0      0      0   2737      6      0 
 20260725    16:09:56       0      8      0      0      0      0      0   2733      6      0 
 20260725    16:09:57       0      0      0      0      0      0      0   2737      6      0 
 20260725    16:09:58       0     21     13      0      0      0      0   2737      6      0 
 20260725    16:09:59       0      0      0      0      0      0      0   2737      6      0 
 20260725    16:10:00       0     36     24      0      0      0      0   2737      6      0 
 20260725    16:10:01       0     18     11      0      0      0      0   2737      6      0 
 20260725    16:10:02       0      0      0      0      0      0      0   2737      6      0 
 20260725    16:10:03       0      0      0      0      0      0      0   2737      6      0 
 20260725    16:10:04       0      0      0      0      0      0      0   2737      6      0 
 20260725    16:10:05       0     22     13      0      0      0      0   2737      6      0 
 20260725    16:10:06       0      0      0      0      0      0      0   2737      6      0 
 20260725    16:10:07       0     45     36      0      0      0      0   2737      6      0 
 20260725    16:10:08       0      0      0      0      0      0      0   2737      6      0 
#Date        Time         gpu     sm    mem    enc    dec    jpg    ofa     fb   bar1   ccpm 
#YYYYMMDD    HH:MM:SS     Idx      %      %      %      %      %      %     MB     MB     MB 
 20260725    16:10:09       0      4      2      0      0      0      0   2737      6      0 
 20260725    16:10:10       0     33     21      0      0      0      0   2737      6      0 
 20260725    16:10:11       0      0      0      0      0      0      0   2737      6      0 
 20260725    16:10:12       0      0      0      0      0      0      0   1159      6      0 
 20260725    16:10:13       0      0      0      0      0      0      0   2737      6      0 
 20260725    16:10:14       0     21     13      0      0      0      0   2737      6      0 
 20260725    16:10:15       0      7      4      0      0      0      0   2737      6      0 
 20260725    16:10:16       0     19      6      0      0      0      0   2737      6      0 
 20260725    16:10:17       0      0      0      0      0      0      0   2737      6      0 
 20260725    16:10:18       0     35     23      0      0      0      0   2737      6      0 
 20260725    16:10:19       0      0      0      0      0      0      0   2737      6      0 
 20260725    16:10:20       0     72     48      0      0      0      0   2737      6      0 
 20260725    16:10:21       0     23     15      0      0      0      0   2737      6      0 
 20260725    16:10:22       0      1      0      0      0      0      0   2737      6      0 
 20260725    16:10:23       0      0      0      0      0      0      0   2737      6      0 
 20260725    16:10:24       0      0      0      0      0      0      0   2737      6      0 
 20260725    16:10:25       0      0      0      0      0      0      0   2737      6      0 
 20260725    16:10:26       0      0      0      0      0      0      0   2737      6      0 
 20260725    16:10:27       0      0      0      0      0      0      0   2737      6      0 
 20260725    16:10:28       0     49     30      0      0      0      0   2737      6      0 
 20260725    16:10:29       0      0      0      0      0      0      0   2737      6      0 
 20260725    16:10:30       0     27     18      0      0      0      0   2737      6      0 
 20260725    16:10:31       0      0      0      0      0      0      0   2737      6      0 
 20260725    16:10:32       0     46     30      0      0      0      0   2737      6      0 
 20260725    16:10:33       0      0      0      0      0      0      0   2737      6      0 
 20260725    16:10:34       0     67     61      0      0      0      0   2737      6      0 
 20260725    16:10:35       0      0      0      0      0      0      0   2737      6      0 
 20260725    16:10:36       0      0      0      0      0      0      0   2737      6      0 
 20260725    16:10:37       0      4      2      0      0      0      0   2737      6      0 
 20260725    16:10:38       0     20      6      0      0      0      0   2737      6      0 
 20260725    16:10:39       0     16      4      0      0      0      0   2737      6      0 
 20260725    16:10:40       0      0      0      0      0      0      0   2737      6      0 
 20260725    16:10:41       0     20      1      0      0      0      0   2737      6      0 
 20260725    16:10:42       0     73     48      0      0      0      0   2737      6      0 
 20260725    16:10:43       0      0      0      0      0      0      0   2737      6      0 
 20260725    16:10:44       0      0      0      0      0      0      0   2733      6      0 
 20260725    16:10:45       0     77     74      0      0      0      0   2737      6      0 
 20260725    16:10:46       0      0      0      0      0      0      0   2737      6      0 
 20260725    16:10:47       0     83     54      0      0      0      0   2737      6      0 
 20260725    16:10:48       0      0      0      0      0      0      0   2737      6      0 
 20260725    16:10:49       0     83     54      0      0      0      0   2737      6      0 
 20260725    16:10:50       0     69     45      0      0      0      0   2737      6      0 
 20260725    16:10:51       0     17      3      0      0      0      0   2737      6      0 
 20260725    16:10:52       0     36     16      0      0      0      0   2737      6      0 
#Date        Time         gpu     sm    mem    enc    dec    jpg    ofa     fb   bar1   ccpm 
#YYYYMMDD    HH:MM:SS     Idx      %      %      %      %      %      %     MB     MB     MB 
 20260725    16:10:53       0     26      0      0      0      0      0   2737      6      0 
 20260725    16:10:54       0      0      0      0      0      0      0   2737      6      0 
 20260725    16:10:55       0      0      0      0      0      0      0   2737      6      0 
 20260725    16:10:56       0     37     24      0      0      0      0   2737      6      0 
 20260725    16:10:57       0      0      0      0      0      0      0   2737      6      0 
 20260725    16:10:58       0      0      0      0      0      0      0   2737      6      0 
 20260725    16:10:59       0     52     43      0      0      0      0   2737      6      0 
 20260725    16:11:00       0      0      0      0      0      0      0   2737      6      0 
 20260725    16:11:01       0     12      0      0      0      0      0   2737      6      0 
 20260725    16:11:02       0     49     33      0      0      0      0   2737      6      0 
 20260725    16:11:03       0      0      0      0      0      0      0   2733      6      0 
 20260725    16:11:04       0      3      1      0      0      0      0   2737      6      0 
 20260725    16:11:05       0     15      0      0      0      0      0   2737      6      0 
 20260725    16:11:06       0     39     26      0      0      0      0   2737      6      0 
 20260725    16:11:07       0     19     12      0      0      0      0   2737      6      0 
 20260725    16:11:08       0      0      0      0      0      0      0   2737      6      0 
 20260725    16:11:09       0     78     51      0      0      0      0   2737      6      0 
 20260725    16:11:10       0      0      0      0      0      0      0   1159      6      0 
 20260725    16:11:11       0     73     49      0      0      0      0   2737      6      0 
 20260725    16:11:12       0      0      0      0      0      0      0   2737      6      0 
 20260725    16:11:13       0     69     46      0      0      0      0   2737      6      0 
 20260725    16:11:14       0     43     28      0      0      0      0   2737      6      0 
 20260725    16:11:15       0      7      3      0      0      0      0   2737      6      0 
 20260725    16:11:16       0      0      0      0      0      0      0   1783      6      0 
 20260725    16:11:17       0      7      5      0      0      0      0   2737      6      0 
 20260725    16:11:18       0     25     11      0      0      0      0   2737      6      0 
 20260725    16:11:19       0      0      0      0      0      0      0   2737      6      0 
 20260725    16:11:20       0     21     13      0      0      0      0   2737      6      0 
 20260725    16:11:21       0      0      0      0      0      0      0   2737      6      0 
 20260725    16:11:22       0     18     11      0      0      0      0   2737      6      0 
 20260725    16:11:23       0      0      0      0      0      0      0   2737      6      0 
 20260725    16:11:24       0      0      0      0      0      0      0   2733      6      0 
 20260725    16:11:25       0      1      1      0      0      0      0   2737      6      0 
 20260725    16:11:26       0     44     39      0      0      0      0   2737      6      0 
 20260725    16:11:27       0      0      0      0      0      0      0   2737      6      0 
 20260725    16:11:28       0      0      0      0      0      0      0   2737      6      0 
 20260725    16:11:29       0      1      0      0      0      0      0   2737      6      0 
 20260725    16:11:30       0      0      0      0      0      0      0   2733      6      0 
 20260725    16:11:31       0     65     42      0      0      0      0   2737      6      0 
 20260725    16:11:32       0      0      0      0      0      0      0   2739      6      0 
 20260725    16:11:33       0     78     52      0      0      0      0   2737      6      0 
 20260725    16:11:34       0     26      6      0      0      0      0   2737      6      0 
 20260725    16:11:35       0      0      0      0      0      0      0   2737      6      0 
 20260725    16:11:36       0      0      0      0      0      0      0   2737      6      0 
#Date        Time         gpu     sm    mem    enc    dec    jpg    ofa     fb   bar1   ccpm 
#YYYYMMDD    HH:MM:SS     Idx      %      %      %      %      %      %     MB     MB     MB 
 20260725    16:11:37       0      0      0      0      0      0      0   2733      6      0 
 20260725    16:11:38       0     31     20      0      0      0      0   2737      6      0 
 20260725    16:11:39       0      0      0      0      0      0      0   2737      6      0 
 20260725    16:11:40       0     10      0      0      0      0      0   2737      6      0 
 20260725    16:11:41       0     29     14      0      0      0      0   2737      6      0 
 20260725    16:11:42       0     21     13      0      0      0      0   2737      6      0 
 20260725    16:11:43       0     63     42      0      0      0      0   2737      6      0 
 20260725    16:11:44       0     22      0      0      0      0      0   2737      6      0 
 20260725    16:11:45       0     15      0      0      0      0      0   2737      6      0 
 20260725    16:11:46       0     29     16      0      0      0      0   2737      6      0 
 20260725    16:11:47       0      0      0      0      0      0      0   2737      6      0 
 20260725    16:11:48       0      0      0      0      0      0      0   2737      6      0 
 20260725    16:11:49       0     83     54      0      0      0      0   2737      6      0 
 20260725    16:11:50       0      0      0      0      0      0      0   2737      6      0 
 20260725    16:11:51       0      0      0      0      0      0      0   2737      6      0 
 20260725    16:11:52       0      0      0      0      0      0      0   2737      6      0 
 20260725    16:11:53       0      0      0      0      0      0      0   2737      6      0 
 20260725    16:11:54       0      0      0      0      0      0      0   2737      6      0 
 20260725    16:11:55       0      0      0      0      0      0      0   2737      6      0 
 20260725    16:11:56       0      0      0      0      0      0      0   2737      6      0 
 20260725    16:11:57       0      0      0      0      0      0      0   2737      6      0 
 20260725    16:11:58       0      0      0      0      0      0      0   2737      6      0 
 20260725    16:11:59       0      8      0      0      0      0      0   2737      6      0 
 20260725    16:12:00       0     76     51      0      0      0      0   2737      6      0 
 20260725    16:12:01       0      0      0      0      0      0      0   2737      6      0 
 20260725    16:12:02       0      0      0      0      0      0      0   2737      6      0 
 20260725    16:12:03       0      1      0      0      0      0      0   2737      6      0 
 20260725    16:12:04       0      0      0      0      0      0      0   2737      6      0 
 20260725    16:12:05       0      0      0      0      0      0      0   2737      6      0 
 20260725    16:12:06       0     16      3      0      0      0      0   2737      6      0 
 20260725    16:12:08       0      0      0      0      0      0      0   2737      6      0 
 20260725    16:12:09       0     68     45      0      0      0      0   2737      6      0 
 20260725    16:12:10       0     11      6      0      0      0      0   2737      6      0 
 20260725    16:12:11       0     81     53      0      0      0      0   2737      6      0 
 20260725    16:12:12       0      0      0      0      0      0      0   2737      6      0 
 20260725    16:12:13       0      0      0      0      0      0      0   2737      6      0 
 20260725    16:12:14       0      0      0      0      0      0      0   2737      6      0 
 20260725    16:12:15       0      0      0      0      0      0      0   2737      6      0 
 20260725    16:12:16       0      8      4      0      0      0      0   2737      6      0 
 20260725    16:12:17       0      0      0      0      0      0      0   2737      6      0 
 20260725    16:12:18       0      0      0      0      0      0      0   2737      6      0 
 20260725    16:12:19       0      0      0      0      0      0      0   2737      6      0 
 20260725    16:12:20       0     83     54      0      0      0      0   2737      6      0 
 20260725    16:12:21       0      0      0      0      0      0      0   2737      6      0 
#Date        Time         gpu     sm    mem    enc    dec    jpg    ofa     fb   bar1   ccpm 
#YYYYMMDD    HH:MM:SS     Idx      %      %      %      %      %      %     MB     MB     MB 
 20260725    16:12:22       0      0      0      0      0      0      0   2737      6      0 
 20260725    16:12:23       0     83     54      0      0      0      0   2737      6      0 
 20260725    16:12:24       0      0      0      0      0      0      0   2737      6      0 
 20260725    16:12:25       0     59     39      0      0      0      0   2737      6      0 
 20260725    16:12:26       0      0      0      0      0      0      0   2737      6      0 
 20260725    16:12:27       0      0      0      0      0      0      0   2737      6      0 
 20260725    16:12:28       0     26     17      0      0      0      0   2737      6      0 
 20260725    16:12:29       0      0      0      0      0      0      0   2737      6      0 
 20260725    16:12:30       0     80     53      0      0      0      0   2737      6      0 
 20260725    16:12:31       0     17      0      0      0      0      0   1159      6      0 
 20260725    16:12:32       0     22     13      0      0      0      0   2737      6      0 
 20260725    16:12:33       0     27     17      0      0      0      0   2737      6      0 
 20260725    16:12:34       0      0      0      0      0      0      0   2737      6      0 
 20260725    16:12:35       0     42     28      0      0      0      0   2737      6      0 
 20260725    16:12:36       0      0      0      0      0      0      0   2739      6      0 
 20260725    16:12:37       0     18      0      0      0      0      0   2737      6      0 
 20260725    16:12:38       0     13     10      0      0      0      0   2737      6      0 
 20260725    16:12:39       0      0      0      0      0      0      0   2737      6      0 
 20260725    16:12:40       0      0      0      0      0      0      0   2737      6      0 
 20260725    16:12:41       0      0      0      0      0      0      0   1159      6      0 
 20260725    16:12:42       0     52     32      0      0      0      0   2737      6      0 
 20260725    16:12:43       0      0      0      0      0      0      0   2737      6      0 
 20260725    16:12:44       0     81     54      0      0      0      0   2113      6      0 
 20260725    16:12:45       0      0      0      0      0      0      0   2737      6      0 
 20260725    16:12:46       0      0      0      0      0      0      0   2737      6      0 
 20260725    16:12:47       0      0      0      0      0      0      0   2737      6      0 
 20260725    16:12:48       0      0      0      0      0      0      0   2737      6      0 
 20260725    16:12:49       0     18     11      0      0      0      0   2737      6      0 
 20260725    16:12:50       0      0      0      0      0      0      0   2737      6      0 
 20260725    16:12:51       0     26     14      0      0      0      0   1159      6      0 
 20260725    16:12:52       0      0      0      0      0      0      0   1159      6      0 
 20260725    16:12:53       0     37     24      0      0      0      0   2737      6      0 
 20260725    16:12:54       0      0      0      0      0      0      0   2737      6      0 
 20260725    16:12:55       0     43     28      0      0      0      0   2737      6      0 
 20260725    16:12:56       0     43     22      0      0      0      0   2733      6      0 
 20260725    16:12:57       0      0      0      0      0      0      0   2737      6      0 
 20260725    16:12:58       0      0      0      0      0      0      0   2737      6      0 
 20260725    16:12:59       0      0      0      0      0      0      0   2737      6      0 
 20260725    16:13:00       0      6      4      0      0      0      0   2737      6      0 
 20260725    16:13:01       0     18      3      0      0      0      0   2737      6      0 
 20260725    16:13:02       0     53     35      0      0      0      0   2733      6      0 
 20260725    16:13:03       0     52     33      0      0      0      0   2733      6      0 
 20260725    16:13:04       0     18     11      0      0      0      0   2737      6      0 
 20260725    16:13:05       0     48     31      0      0      0      0   2737      6      0 
#Date        Time         gpu     sm    mem    enc    dec    jpg    ofa     fb   bar1   ccpm 
#YYYYMMDD    HH:MM:SS     Idx      %      %      %      %      %      %     MB     MB     MB 
 20260725    16:13:06       0      0      0      0      0      0      0   2737      6      0 
 20260725    16:13:07       0     25     16      0      0      0      0   2737      6      0 
 20260725    16:13:08       0      0      0      0      0      0      0   2737      6      0 
 20260725    16:13:09       0      0      0      0      0      0      0   2737      6      0 
 20260725    16:13:10       0     34     22      0      0      0      0   2733      6      0 
 20260725    16:13:11       0      0      0      0      0      0      0   2737      6      0 
 20260725    16:13:12       0     43     36      0      0      0      0   2737      6      0 
 20260725    16:13:13       0      0      0      0      0      0      0   2737      6      0 
 20260725    16:13:14       0      0      0      0      0      0      0   2737      6      0 
 20260725    16:13:15       0      0      0      0      0      0      0   2733      6      0 
 20260725    16:13:16       0     68     45      0      0      0      0   2737      6      0 
 20260725    16:13:17       0      7      0      0      0      0      0   2737      6      0 
 20260725    16:13:18       0     22     14      0      0      0      0   2737      6      0 
 20260725    16:13:19       0     19     11      0      0      0      0   2737      6      0 
 20260725    16:13:20       0     37     24      0      0      0      0   2737      6      0 
 20260725    16:13:21       0     18     10      0      0      0      0   2733      6      0 
 20260725    16:13:22       0      0      0      0      0      0      0   2737      6      0 
 20260725    16:13:23       0     15     10      0      0      0      0   2737      6      0 
 20260725    16:13:24       0     48     32      0      0      0      0   2737      6      0 
 20260725    16:13:25       0     19      0      0      0      0      0   2733      6      0 
 20260725    16:13:26       0     14      1      0      0      0      0   2737      6      0 
 20260725    16:13:27       0     17      2      0      0      0      0   2737      6      0 
 20260725    16:13:28       0      0      0      0      0      0      0   2737      6      0 
 20260725    16:13:29       0     10      0      0      0      0      0   2733      6      0 
 20260725    16:13:30       0     27     26      0      0      0      0   2733      6      0 
 20260725    16:13:31       0      0      0      0      0      0      0   2737      6      0 
 20260725    16:13:32       0      0      0      0      0      0      0   2737      6      0 
 20260725    16:13:33       0     74     49      0      0      0      0   2737      6      0 
 20260725    16:13:34       0     20      3      0      0      0      0   2737      6      0 
 20260725    16:13:35       0     68     45      0      0      0      0   2737      6      0 
 20260725    16:13:36       0      0      0      0      0      0      0   2737      6      0 
 20260725    16:13:37       0      0      0      0      0      0      0   1159      6      0 
 20260725    16:13:38       0     33     21      0      0      0      0   2737      6      0 
 20260725    16:13:39       0     23     10      0      0      0      0   2737      6      0 
 20260725    16:13:40       0     23     15      0      0      0      0   2737      6      0 
 20260725    16:13:41       0      0      0      0      0      0      0   2737      6      0 
 20260725    16:13:42       0      0      0      0      0      0      0   2737      6      0 
 20260725    16:13:43       0     82     54      0      0      0      0   2737      6      0 
 20260725    16:13:44       0     67     44      0      0      0      0   2737      6      0 
 20260725    16:13:45       0     30     20      0      0      0      0   2733      6      0 
 20260725    16:13:46       0      0      0      0      0      0      0   2737      6      0 
 20260725    16:13:47       0      0      0      0      0      0      0   2737      6      0 
 20260725    16:13:48       0     49     30      0      0      0      0   2737      6      0 
 20260725    16:13:49       0     21     13      0      0      0      0   2737      6      0 
#Date        Time         gpu     sm    mem    enc    dec    jpg    ofa     fb   bar1   ccpm 
#YYYYMMDD    HH:MM:SS     Idx      %      %      %      %      %      %     MB     MB     MB 
 20260725    16:13:50       0      2      0      0      0      0      0   2733      6      0 
 20260725    16:13:51       0      0      0      0      0      0      0   2737      6      0 
 20260725    16:13:52       0      0      0      0      0      0      0   2737      6      0 
 20260725    16:13:53       0      0      0      0      0      0      0   2737      6      0 
 20260725    16:13:54       0     15      2      0      0      0      0   1159      6      0 
 20260725    16:13:55       0     63     42      0      0      0      0   2737      6      0 
 20260725    16:13:56       0     20      4      0      0      0      0   2737      6      0 
 20260725    16:13:57       0     18     11      0      0      0      0   2737      6      0 
 20260725    16:13:58       0      0      0      0      0      0      0   2737      6      0 
 20260725    16:13:59       0      0      0      0      0      0      0   2737      6      0 
 20260725    16:14:00       0     82     54      0      0      0      0   2737      6      0 
 20260725    16:14:01       0      0      0      0      0      0      0   2737      6      0 
 20260725    16:14:02       0     82     54      0      0      0      0   2737      6      0 
 20260725    16:14:03       0     37     24      0      0      0      0   2737      6      0 
 20260725    16:14:04       0      0      0      0      0      0      0   2737      6      0 
 20260725    16:14:05       0      0      0      0      0      0      0   2737      6      0 
 20260725    16:14:06       0     23     15      0      0      0      0   2737      6      0 
 20260725    16:14:07       0      0      0      0      0      0      0   2737      6      0 
 20260725    16:14:08       0     11      6      0      0      0      0   2737      6      0 
 20260725    16:14:09       0     68     45      0      0      0      0   2737      6      0 
 20260725    16:14:10       0     42     11      0      0      0      0   2733      6      0 
 20260725    16:14:11       0      0      0      0      0      0      0   2737      6      0 
 20260725    16:14:12       0      0      0      0      0      0      0   2737      6      0 
 20260725    16:14:13       0     48     31      0      0      0      0   2737      6      0 
 20260725    16:14:14       0      0      0      0      0      0      0   2737      6      0 
 20260725    16:14:15       0     21      6      0      0      0      0   1159      6      0 
 20260725    16:14:16       0      0      0      0      0      0      0   2733      6      0 
 20260725    16:14:17       0     21     13      0      0      0      0   2737      6      0 
 20260725    16:14:18       0     21     13      0      0      0      0   2737      6      0 
 20260725    16:14:19       0     11      0      0      0      0      0   2737      6      0 
 20260725    16:14:20       0     28     17      0      0      0      0   2737      6      0 
 20260725    16:14:21       0     19      8      0      0      0      0   2737      6      0 
 20260725    16:14:22       0      0      0      0      0      0      0   2737      6      0 
 20260725    16:14:23       0     25     14      0      0      0      0   2737      6      0 
 20260725    16:14:24       0     21     13      0      0      0      0   2737      6      0 
 20260725    16:14:25       0      0      0      0      0      0      0   2737      6      0 
 20260725    16:14:26       0     21     13      0      0      0      0   2737      6      0 
 20260725    16:14:27       0      0      0      0      0      0      0   2737      6      0 
 20260725    16:14:28       0     18     11      0      0      0      0   2737      6      0 
 20260725    16:14:29       0      0      0      0      0      0      0   2737      6      0 
 20260725    16:14:30       0     18     11      0      0      0      0   2737      6      0 
 20260725    16:14:31       0      0      0      0      0      0      0   2737      6      0 
 20260725    16:14:32       0      0      0      0      0      0      0   2733      6      0 
 20260725    16:14:33       0     41     18      0      0      0      0   2737      6      0 
#Date        Time         gpu     sm    mem    enc    dec    jpg    ofa     fb   bar1   ccpm 
#YYYYMMDD    HH:MM:SS     Idx      %      %      %      %      %      %     MB     MB     MB 
 20260725    16:14:34       0     41     32      0      0      0      0   2737      6      0 
 20260725    16:14:35       0      0      0      0      0      0      0   2737      6      0 
 20260725    16:14:36       0     54     35      0      0      0      0   2737      6      0 
 20260725    16:14:37       0      0      0      0      0      0      0   2737      6      0 
 20260725    16:14:38       0      0      0      0      0      0      0   2737      6      0 
 20260725    16:14:39       0     11      0      0      0      0      0   2737      6      0 
 20260725    16:14:40       0     82     54      0      0      0      0   2733      6      0 
 20260725    16:14:41       0     17      2      0      0      0      0   2737      6      0 
 20260725    16:14:42       0      0      0      0      0      0      0   2737      6      0 
 20260725    16:14:43       0     30     15      0      0      0      0   2737      6      0 
 20260725    16:14:44       0      0      0      0      0      0      0   2737      6      0 
 20260725    16:14:45       0     60     40      0      0      0      0   2737      6      0 
 20260725    16:14:46       0      0      0      0      0      0      0   2737      6      0 
 20260725    16:14:47       0     34     22      0      0      0      0   2737      6      0 
 20260725    16:14:48       0     25      6      0      0      0      0   2737      6      0 
 20260725    16:14:49       0      0      0      0      0      0      0   2737      6      0 
 20260725    16:14:50       0     24     15      0      0      0      0   2737      6      0 
 20260725    16:14:51       0      0      0      0      0      0      0   2737      6      0 
 20260725    16:14:52       0      0      0      0      0      0      0   2737      6      0 
 20260725    16:14:53       0      0      0      0      0      0      0   2737      6      0 
 20260725    16:14:54       0     68     45      0      0      0      0   2737      6      0 
 20260725    16:14:55       0      0      0      0      0      0      0   2737      6      0 
 20260725    16:14:56       0     56     37      0      0      0      0   2737      6      0 
 20260725    16:14:57       0      0      0      0      0      0      0   2737      6      0 
 20260725    16:14:58       0     21     13      0      0      0      0   2737      6      0 
 20260725    16:14:59       0     45     24      0      0      0      0   2737      6      0 
 20260725    16:15:00       0     35     15      0      0      0      0   2737      6      0 
 20260725    16:15:01       0     21     13      0      0      0      0   2737      6      0 
 20260725    16:15:02       0      0      0      0      0      0      0   2737      6      0 
 20260725    16:15:03       0     27     17      0      0      0      0   2737      6      0 
 20260725    16:15:04       0      0      0      0      0      0      0   2737      6      0 
 20260725    16:15:05       0     82     54      0      0      0      0   2737      6      0 
 20260725    16:15:06       0     21      9      0      0      0      0   2737      6      0 
 20260725    16:15:07       0      0      0      0      0      0      0   2737      6      0 
 20260725    16:15:08       0     55     36      0      0      0      0   2737      6      0 
 20260725    16:15:09       0      0      0      0      0      0      0   1159      6      0 
 20260725    16:15:10       0      0      0      0      0      0      0   2737      6      0 
 20260725    16:15:11       0      0      0      0      0      0      0   2737      6      0 
 20260725    16:15:12       0     25     15      0      0      0      0   2737      6      0 
 20260725    16:15:13       0     20      8      0      0      0      0   2737      6      0 
 20260725    16:15:14       0     14      0      0      0      0      0   2737      6      0 
 20260725    16:15:15       0     14      0      0      0      0      0   2737      6      0 
 20260725    16:15:16       0     74     50      0      0      0      0   2737      6      0 
 20260725    16:15:17       0     20      3      0      0      0      0   2737      6      0 
#Date        Time         gpu     sm    mem    enc    dec    jpg    ofa     fb   bar1   ccpm 
#YYYYMMDD    HH:MM:SS     Idx      %      %      %      %      %      %     MB     MB     MB 
 20260725    16:15:18       0      0      0      0      0      0      0   2737      6      0 
 20260725    16:15:19       0     21     13      0      0      0      0   2733      6      0 
 20260725    16:15:20       0     30     13      0      0      0      0   2737      6      0 
 20260725    16:15:21       0      0      0      0      0      0      0   2737      6      0 
 20260725    16:15:22       0     28     11      0      0      0      0   2733      6      0 
 20260725    16:15:23       0     16      0      0      0      0      0   2737      6      0 
 20260725    16:15:24       0     50     33      0      0      0      0   2737      6      0 
 20260725    16:15:25       0     21     13      0      0      0      0   2737      6      0 
 20260725    16:15:26       0      0      0      0      0      0      0   2737      6      0 
 20260725    16:15:27       0     27     16      0      0      0      0   2737      6      0 
 20260725    16:15:28       0      2      1      0      0      0      0   2737      6      0 
 20260725    16:15:29       0      0      0      0      0      0      0   2739      6      0 
 20260725    16:15:30       0     19      1      0      0      0      0   2733      6      0 
 20260725    16:15:31       0      0      0      0      0      0      0   2737      6      0 
 20260725    16:15:32       0      0      0      0      0      0      0   2737      6      0 
 20260725    16:15:33       0     12      7      0      0      0      0   2737      6      0 
 20260725    16:15:34       0      0      0      0      0      0      0   2737      6      0 
 20260725    16:15:35       0      0      0      0      0      0      0   2737      6      0 
 20260725    16:15:36       0      0      0      0      0      0      0   2737      6      0 
 20260725    16:15:37       0      0      0      0      0      0      0   2737      6      0 
 20260725    16:15:38       0      0      0      0      0      0      0   2737      6      0 
 20260725    16:15:39       0      0      0      0      0      0      0   2733      6      0 
 20260725    16:15:40       0     68     45      0      0      0      0   2737      6      0 
 20260725    16:15:41       0      5      0      0      0      0      0   2733      6      0 
 20260725    16:15:43       0     74     49      0      0      0      0   2737      6      0 
 20260725    16:15:44       0     21     13      0      0      0      0   2737      6      0 
 20260725    16:15:45       0      0      0      0      0      0      0   2737      6      0 
 20260725    16:15:46       0      0      0      0      0      0      0   2737      6      0 
 20260725    16:15:47       0     62     41      0      0      0      0   2737      6      0 
 20260725    16:15:48       0      0      0      0      0      0      0   2737      6      0 
 20260725    16:15:49       0     29     19      0      0      0      0   2737      6      0 
 20260725    16:15:50       0      0      0      0      0      0      0   2737      6      0 
 20260725    16:15:51       0     83     54      0      0      0      0   2737      6      0 
 20260725    16:15:52       0      0      0      0      0      0      0   2737      6      0 
 20260725    16:15:53       0     64     42      0      0      0      0   2737      6      0 
 20260725    16:15:54       0      0      0      0      0      0      0   2739      6      0 
 20260725    16:15:55       0      9      0      0      0      0      0   2737      6      0 
 20260725    16:15:56       0     41     27      0      0      0      0   2737      6      0 
 20260725    16:15:57       0      0      0      0      0      0      0   2737      6      0 
 20260725    16:15:58       0     81     54      0      0      0      0   2737      6      0 
 20260725    16:15:59       0      0      0      0      0      0      0   2737      6      0 
 20260725    16:16:00       0     39     29      0      0      0      0   2737      6      0 
 20260725    16:16:01       0      0      0      0      0      0      0   2737      6      0 
 20260725    16:16:02       0     19      6      0      0      0      0   2737      6      0 
#Date        Time         gpu     sm    mem    enc    dec    jpg    ofa     fb   bar1   ccpm 
#YYYYMMDD    HH:MM:SS     Idx      %      %      %      %      %      %     MB     MB     MB 
 20260725    16:16:03       0      0      0      0      0      0      0   2737      6      0 
 20260725    16:16:04       0     42     24      0      0      0      0   2737      6      0 
 20260725    16:16:05       0      0      0      0      0      0      0   2737      6      0 
 20260725    16:16:06       0      0      0      0      0      0      0   2737      6      0 
 20260725    16:16:07       0     21     13      0      0      0      0   2733      6      0 
 20260725    16:16:08       0      0      0      0      0      0      0   2737      6      0 
 20260725    16:16:09       0      1      0      0      0      0      0   2737      6      0 
 20260725    16:16:10       0      0      0      0      0      0      0   2737      6      0 
 20260725    16:16:11       0      0      0      0      0      0      0   2737      6      0 
 20260725    16:16:12       0      0      0      0      0      0      0   2739      6      0 
 20260725    16:16:13       0     44     29      0      0      0      0   2737      6      0 
 20260725    16:16:14       0     61     40      0      0      0      0   2737      6      0 
 20260725    16:16:15       0     24     14      0      0      0      0   2737      6      0 
 20260725    16:16:16       0      0      0      0      0      0      0   2737      6      0 
 20260725    16:16:17       0     83     54      0      0      0      0   2737      6      0 
 20260725    16:16:18       0     64     42      0      0      0      0   2737      6      0 
 20260725    16:16:19       0      0      0      0      0      0      0   2737      6      0 
 20260725    16:16:20       0     52     34      0      0      0      0   2737      6      0 
 20260725    16:16:21       0     49     44      0      0      0      0   2737      6      0 
 20260725    16:16:22       0      0      0      0      0      0      0   2737      6      0 
 20260725    16:16:23       0     22      4      0      0      0      0   2737      6      0 
 20260725    16:16:24       0      0      0      0      0      0      0   2737      6      0 
 20260725    16:16:25       0      0      0      0      0      0      0   2737      6      0 
 20260725    16:16:26       0      0      0      0      0      0      0   2737      6      0 
 20260725    16:16:27       0      0      0      0      0      0      0   2737      6      0 
 20260725    16:16:28       0     30     12      0      0      0      0   2737      6      0 
 20260725    16:16:29       0     21     13      0      0      0      0   2737      6      0 
 20260725    16:16:30       0     43     26      0      0      0      0   2733      6      0 
 20260725    16:16:31       0      0      0      0      0      0      0   2737      6      0 
 20260725    16:16:32       0     31      5      0      0      0      0   2737      6      0 
 20260725    16:16:33       0      0      0      0      0      0      0   2737      6      0 
 20260725    16:16:34       0      0      0      0      0      0      0   2737      6      0 
 20260725    16:16:35       0     26     10      0      0      0      0   2737      6      0 
 20260725    16:16:36       0      0      0      0      0      0      0   2737      6      0 
 20260725    16:16:37       0     27     10      0      0      0      0   2737      6      0 
 20260725    16:16:38       0     40     21      0      0      0      0   2733      6      0 
 20260725    16:16:39       0      0      0      0      0      0      0   2737      6      0 
 20260725    16:16:40       0     21     13      0      0      0      0   2737      6      0 
 20260725    16:16:41       0      0      0      0      0      0      0   2737      6      0 
 20260725    16:16:42       0      0      0      0      0      0      0   2737      6      0 
 20260725    16:16:43       0      0      0      0      0      0      0   2737      6      0 
 20260725    16:16:44       0      0      0      0      0      0      0   2737      6      0 
 20260725    16:16:45       0      0      0      0      0      0      0   2737      6      0 
 20260725    16:16:46       0     17      7      0      0      0      0   2737      6      0 
#Date        Time         gpu     sm    mem    enc    dec    jpg    ofa     fb   bar1   ccpm 
#YYYYMMDD    HH:MM:SS     Idx      %      %      %      %      %      %     MB     MB     MB 
 20260725    16:16:47       0     79     52      0      0      0      0   2737      6      0 
 20260725    16:16:48       0      0      0      0      0      0      0   2737      6      0 
 20260725    16:16:49       0      0      0      0      0      0      0   2737      6      0 
 20260725    16:16:50       0      0      0      0      0      0      0   2737      6      0 
 20260725    16:16:51       0     54     36      0      0      0      0   2733      6      0 
 20260725    16:16:52       0     47     31      0      0      0      0   2737      6      0 
 20260725    16:16:53       0     32     20      0      0      0      0   2737      6      0 
 20260725    16:16:54       0     14      0      0      0      0      0   2737      6      0 
 20260725    16:16:55       0     28     18      0      0      0      0   2733      6      0 
 20260725    16:16:56       0      0      0      0      0      0      0   2737      6      0 
 20260725    16:16:57       0     27     12      0      0      0      0   2737      6      0 
 20260725    16:16:58       0      0      0      0      0      0      0   2737      6      0 
 20260725    16:16:59       0     12      7      0      0      0      0   2737      6      0 
 20260725    16:17:00       0      0      0      0      0      0      0   2737      6      0 
 20260725    16:17:01       0     12      8      0      0      0      0   2737      6      0 
 20260725    16:17:02       0      5      4      0      0      0      0   2733      6      0 
 20260725    16:17:03       0      0      0      0      0      0      0   2737      6      0 
 20260725    16:17:04       0     21     13      0      0      0      0   2737      6      0 
 20260725    16:17:05       0      0      0      0      0      0      0   2737      6      0 
 20260725    16:17:06       0      0      0      0      0      0      0   2733      6      0 
 20260725    16:17:07       0     82     54      0      0      0      0   2737      6      0 
 20260725    16:17:08       0      0      0      0      0      0      0   2737      6      0 
 20260725    16:17:09       0      0      0      0      0      0      0   2737      6      0 
 20260725    16:17:10       0     66     44      0      0      0      0   2737      6      0 
 20260725    16:17:11       0      0      0      0      0      0      0   2737      6      0 
 20260725    16:17:12       0     21     13      0      0      0      0   2737      6      0 
 20260725    16:17:13       0     21     13      0      0      0      0   2737      6      0 
 20260725    16:17:14       0      0      0      0      0      0      0   2737      6      0 
 20260725    16:17:15       0      8      0      0      0      0      0   1159      6      0 
 20260725    16:17:16       0     24      4      0      0      0      0   2733      6      0 
 20260725    16:17:17       0      0      0      0      0      0      0   2737      6      0 
 20260725    16:17:18       0     52     34      0      0      0      0   2737      6      0 
 20260725    16:17:19       0      5      3      0      0      0      0   2737      6      0 
 20260725    16:17:20       0     17     11      0      0      0      0   2737      6      0 
 20260725    16:17:21       0      0      0      0      0      0      0   2737      6      0 
 20260725    16:17:22       0     15     10      0      0      0      0   2737      6      0 
 20260725    16:17:23       0      0      0      0      0      0      0   2737      6      0 
 20260725    16:17:24       0     37     23      0      0      0      0   2733      6      0 
 20260725    16:17:25       0      0      0      0      0      0      0   1159      6      0 
 20260725    16:17:26       0     38     18      0      0      0      0   2737      6      0 
 20260725    16:17:27       0     73     48      0      0      0      0   2737      6      0 
 20260725    16:17:28       0      4      3      0      0      0      0   2737      6      0 
 20260725    16:17:29       0     54     34      0      0      0      0   2733      6      0 
 20260725    16:17:30       0     21     13      0      0      0      0   2737      6      0 
#Date        Time         gpu     sm    mem    enc    dec    jpg    ofa     fb   bar1   ccpm 
#YYYYMMDD    HH:MM:SS     Idx      %      %      %      %      %      %     MB     MB     MB 
 20260725    16:17:31       0     58     38      0      0      0      0   2737      6      0 
 20260725    16:17:32       0      0      0      0      0      0      0   2737      6      0 
 20260725    16:17:33       0      0      0      0      0      0      0   2737      6      0 
 20260725    16:17:34       0     19      0      0      0      0      0   2737      6      0 
 20260725    16:17:35       0     82     54      0      0      0      0   2737      6      0 
 20260725    16:17:36       0      3      2      0      0      0      0   1159      6      0 
 20260725    16:17:37       0      0      0      0      0      0      0   1159      6      0 
 20260725    16:17:38       0      0      0      0      0      0      0   1159      6      0 
 20260725    16:17:39       0      0      0      0      0      0      0   1159      6      0 
 20260725    16:17:40       0      0      0      0      0      0      0   1159      6      0 
 20260725    16:17:41       0      0      0      0      0      0      0   1159      6      0 
 20260725    16:17:42       0      0      0      0      0      0      0   1159      6      0 
