#Date        Time         gpu     sm    mem    enc    dec    jpg    ofa     fb   bar1   ccpm 
#YYYYMMDD    HH:MM:SS     Idx      %      %      %      %      %      %     MB     MB     MB 
 20260725    16:01:55       0      0      0      0      0      0      0     44      4      0 
 20260725    16:01:56       0      0      0      0      0      0      0    547      6      0 
 20260725    16:01:57       0      0      0      0      0      0      0   1261      6      0 
 20260725    16:01:58       0      0      0      0      0      0      0   1421      6      0 
 20260725    16:01:59       0      0      0      0      0      0      0   1421      6      0 
 20260725    16:02:00       0      0      0      0      0      0      0   1421      6      0 
 20260725    16:02:01       0      0      0      0      0      0      0   1231      6      0 
 20260725    16:02:02       0     85     52      0      0      0      0   1223      6      0 
 20260725    16:02:03       0      7      0      0      0      0      0   2737      6      0 
 20260725    16:02:04       0     47     29      0      0      0      0   2739      6      0 
 20260725    16:02:05       0     63     42      0      0      0      0   2737      6      0 
 20260725    16:02:06       0     31     20      0      0      0      0   2737      6      0 
 20260725    16:02:07       0     20      6      0      0      0      0   2737      6      0 
 20260725    16:02:08       0     28     18      0      0      0      0   2737      6      0 
 20260725    16:02:09       0      9      1      0      0      0      0   2737      6      0 
 20260725    16:02:10       0     83     54      0      0      0      0   2737      6      0 
 20260725    16:02:11       0     83     54      0      0      0      0   2737      6      0 
 20260725    16:02:12       0     34     16      0      0      0      0   2737      6      0 
 20260725    16:02:13       0     64     42      0      0      0      0   2737      6      0 
 20260725    16:02:14       0      3      0      0      0      0      0   2737      6      0 
 20260725    16:02:15       0     63     41      0      0      0      0   2737      6      0 
 20260725    16:02:16       0     17     10      0      0      0      0   2733      6      0 
 20260725    16:02:17       0     22     10      0      0      0      0   2737      6      0 
 20260725    16:02:18       0      0      0      0      0      0      0   2737      6      0 
 20260725    16:02:19       0      0      0      0      0      0      0   2733      6      0 
 20260725    16:02:20       0     22      6      0      0      0      0   2737      6      0 
 20260725    16:02:21       0     39     23      0      0      0      0   2737      6      0 
 20260725    16:02:22       0     43     27      0      0      0      0   2737      6      0 
 20260725    16:02:23       0     23     15      0      0      0      0   2737      6      0 
 20260725    16:02:24       0      3      2      0      0      0      0   2737      6      0 
 20260725    16:02:25       0      9      5      0      0      0      0   1159      6      0 
 20260725    16:02:26       0     47     29      0      0      0      0   2737      6      0 
 20260725    16:02:27       0     77     51      0      0      0      0   2737      6      0 
 20260725    16:02:28       0     24      7      0      0      0      0   2733      6      0 
 20260725    16:02:29       0     14      0      0      0      0      0   2737      6      0 
 20260725    16:02:30       0     11      7      0      0      0      0   2737      6      0 
 20260725    16:02:31       0     80     53      0      0      0      0   2733      6      0 
 20260725    16:02:32       0     59     38      0      0      0      0   2737      6      0 
 20260725    16:02:33       0     67     44      0      0      0      0   2737      6      0 
 20260725    16:02:34       0     18     11      0      0      0      0   2737      6      0 
 20260725    16:02:35       0     11      0      0      0      0      0   2737      6      0 
 20260725    16:02:36       0     77     51      0      0      0      0   2737      6      0 
 20260725    16:02:37       0     48     31      0      0      0      0   2737      6      0 
 20260725    16:02:38       0     10      6      0      0      0      0   2737      6      0 
#Date        Time         gpu     sm    mem    enc    dec    jpg    ofa     fb   bar1   ccpm 
#YYYYMMDD    HH:MM:SS     Idx      %      %      %      %      %      %     MB     MB     MB 
 20260725    16:02:39       0     21     13      0      0      0      0   2733      6      0 
 20260725    16:02:40       0     60     39      0      0      0      0   2733      6      0 
 20260725    16:02:41       0     81     53      0      0      0      0   2737      6      0 
 20260725    16:02:42       0     77     50      0      0      0      0   2737      6      0 
 20260725    16:02:43       0     18     11      0      0      0      0   2737      6      0 
 20260725    16:02:44       0      6      3      0      0      0      0   2737      6      0 
 20260725    16:02:45       0     21     13      0      0      0      0   2737      6      0 
 20260725    16:02:46       0     15      0      0      0      0      0   2739      6      0 
 20260725    16:02:47       0     18     11      0      0      0      0   2737      6      0 
 20260725    16:02:48       0     47     45      0      0      0      0   2737      6      0 
 20260725    16:02:49       0     69     45      0      0      0      0   2737      6      0 
 20260725    16:02:50       0     21     13      0      0      0      0   2737      6      0 
 20260725    16:02:51       0      3      0      0      0      0      0   1159      6      0 
 20260725    16:02:52       0     21     13      0      0      0      0   2737      6      0 
 20260725    16:02:53       0     12      0      0      0      0      0   2737      6      0 
 20260725    16:02:54       0     36     13      0      0      0      0   2737      6      0 
 20260725    16:02:55       0     76     49      0      0      0      0   2737      6      0 
 20260725    16:02:56       0      8      0      0      0      0      0   1351      6      0 
 20260725    16:02:57       0     21     13      0      0      0      0   2737      6      0 
 20260725    16:02:58       0     80     52      0      0      0      0   2737      6      0 
 20260725    16:02:59       0     15      0      0      0      0      0   2737      6      0 
 20260725    16:03:00       0     23      6      0      0      0      0   2737      6      0 
 20260725    16:03:01       0     69     45      0      0      0      0   2737      6      0 
 20260725    16:03:02       0     43     20      0      0      0      0   2737      6      0 
 20260725    16:03:03       0     27     15      0      0      0      0   2737      6      0 
 20260725    16:03:04       0      9      5      0      0      0      0   1159      6      0 
 20260725    16:03:05       0      9      6      0      0      0      0   2737      6      0 
 20260725    16:03:06       0     73     47      0      0      0      0   2737      6      0 
 20260725    16:03:07       0     47     29      0      0      0      0   2737      6      0 
 20260725    16:03:08       0     61     40      0      0      0      0   2737      6      0 
 20260725    16:03:09       0     54     35      0      0      0      0   2735      6      0 
 20260725    16:03:11       0     18     11      0      0      0      0   2737      6      0 
 20260725    16:03:12       0     28     18      0      0      0      0   2737      6      0 
 20260725    16:03:13       0     83     54      0      0      0      0   2733      6      0 
 20260725    16:03:14       0     18     11      0      0      0      0   2737      6      0 
 20260725    16:03:15       0      8      0      0      0      0      0   2739      6      0 
 20260725    16:03:16       0     26     17      0      0      0      0   2737      6      0 
 20260725    16:03:17       0     82     53      0      0      0      0   2737      6      0 
 20260725    16:03:18       0     54     34      0      0      0      0   2737      6      0 
 20260725    16:03:19       0     32     14      0      0      0      0   2733      6      0 
 20260725    16:03:20       0     28     13      0      0      0      0   2737      6      0 
 20260725    16:03:21       0     23      6      0      0      0      0   2733      6      0 
 20260725    16:03:22       0     29     12      0      0      0      0   2737      6      0 
 20260725    16:03:23       0     58     38      0      0      0      0   1783      6      0 
#Date        Time         gpu     sm    mem    enc    dec    jpg    ofa     fb   bar1   ccpm 
#YYYYMMDD    HH:MM:SS     Idx      %      %      %      %      %      %     MB     MB     MB 
 20260725    16:03:24       0      0      0      0      0      0      0   2733      6      0 
 20260725    16:03:25       0     18     11      0      0      0      0   2737      6      0 
 20260725    16:03:26       0     83     54      0      0      0      0   2737      6      0 
 20260725    16:03:27       0     23      8      0      0      0      0   2737      6      0 
 20260725    16:03:28       0     16      2      0      0      0      0   2737      6      0 
 20260725    16:03:29       0      0      0      0      0      0      0   1159      6      0 
 20260725    16:03:30       0     75     49      0      0      0      0   2733      6      0 
 20260725    16:03:31       0     83     54      0      0      0      0   2737      6      0 
 20260725    16:03:32       0     29     14      0      0      0      0   2737      6      0 
 20260725    16:03:33       0     31     13      0      0      0      0   2737      6      0 
 20260725    16:03:34       0     21     13      0      0      0      0   2737      6      0 
 20260725    16:03:35       0     15      0      0      0      0      0   2737      6      0 
 20260725    16:03:36       0     18     11      0      0      0      0   2737      6      0 
 20260725    16:03:37       0      3      0      0      0      0      0   2737      6      0 
 20260725    16:03:38       0     21     13      0      0      0      0   2737      6      0 
 20260725    16:03:39       0     18     11      0      0      0      0   2737      6      0 
 20260725    16:03:40       0     12      8      0      0      0      0   2737      6      0 
 20260725    16:03:41       0     18      4      0      0      0      0   2737      6      0 
 20260725    16:03:42       0     25     13      0      0      0      0   2737      6      0 
 20260725    16:03:43       0     66     43      0      0      0      0   2737      6      0 
 20260725    16:03:44       0      0      0      0      0      0      0   2737      6      0 
 20260725    16:03:45       0      4      0      0      0      0      0   2733      6      0 
 20260725    16:03:46       0      0      0      0      0      0      0   2737      6      0 
 20260725    16:03:47       0     46     23      0      0      0      0   2737      6      0 
 20260725    16:03:48       0     22     13      0      0      0      0   2737      6      0 
 20260725    16:03:49       0     28      6      0      0      0      0   2739      6      0 
 20260725    16:03:50       0     21     13      0      0      0      0   2739      6      0 
 20260725    16:03:51       0      0      0      0      0      0      0   2733      6      0 
 20260725    16:03:52       0      3      2      0      0      0      0   2737      6      0 
 20260725    16:03:53       0     14      1      0      0      0      0   2737      6      0 
 20260725    16:03:54       0     83     54      0      0      0      0   2737      6      0 
 20260725    16:03:55       0     68     45      0      0      0      0   2737      6      0 
 20260725    16:03:56       0     56     36      0      0      0      0   2737      6      0 
 20260725    16:03:57       0      3      2      0      0      0      0   2737      6      0 
 20260725    16:03:58       0     51     32      0      0      0      0   2641      6      0 
 20260725    16:03:59       0      0      0      0      0      0      0   2737      6      0 
 20260725    16:04:00       0     20     12      0      0      0      0   1159      6      0 
 20260725    16:04:01       0     83     54      0      0      0      0   2737      6      0 
 20260725    16:04:02       0     62     41      0      0      0      0   2737      6      0 
 20260725    16:04:03       0     83     54      0      0      0      0   2739      6      0 
 20260725    16:04:04       0     26     10      0      0      0      0   2737      6      0 
 20260725    16:04:05       0     36     21      0      0      0      0   1709      6      0 
 20260725    16:04:06       0     35     14      0      0      0      0   2737      6      0 
 20260725    16:04:07       0      8      0      0      0      0      0   2737      6      0 
#Date        Time         gpu     sm    mem    enc    dec    jpg    ofa     fb   bar1   ccpm 
#YYYYMMDD    HH:MM:SS     Idx      %      %      %      %      %      %     MB     MB     MB 
 20260725    16:04:08       0     18     11      0      0      0      0   2737      6      0 
 20260725    16:04:09       0     27     26      0      0      0      0   2733      6      0 
 20260725    16:04:10       0     34     15      0      0      0      0   2737      6      0 
 20260725    16:04:11       0     19      6      0      0      0      0   2737      6      0 
 20260725    16:04:12       0      0      0      0      0      0      0   2737      6      0 
 20260725    16:04:13       0     12      7      0      0      0      0   2737      6      0 
 20260725    16:04:14       0     56     37      0      0      0      0   2737      6      0 
 20260725    16:04:15       0     55     36      0      0      0      0   2733      6      0 
 20260725    16:04:16       0     45     26      0      0      0      0   2737      6      0 
 20260725    16:04:17       0     54     33      0      0      0      0   2733      6      0 
 20260725    16:04:18       0     15      1      0      0      0      0   2737      6      0 
 20260725    16:04:19       0     33     14      0      0      0      0   2737      6      0 
 20260725    16:04:20       0     21     13      0      0      0      0   2737      6      0 
 20260725    16:04:21       0     20      0      0      0      0      0   1159      6      0 
 20260725    16:04:22       0     30     17      0      0      0      0   2737      6      0 
 20260725    16:04:23       0      3      2      0      0      0      0   2739      6      0 
 20260725    16:04:24       0      6      0      0      0      0      0   1783      6      0 
 20260725    16:04:25       0      0      0      0      0      0      0   2737      6      0 
 20260725    16:04:26       0     27     17      0      0      0      0   1159      6      0 
 20260725    16:04:27       0     41     27      0      0      0      0   2737      6      0 
 20260725    16:04:28       0     39     25      0      0      0      0   2733      6      0 
 20260725    16:04:29       0     47     31      0      0      0      0   2737      6      0 
 20260725    16:04:30       0     31     21      0      0      0      0   2733      6      0 
 20260725    16:04:31       0     14      9      0      0      0      0   2739      6      0 
 20260725    16:04:32       0     65     43      0      0      0      0   2733      6      0 
 20260725    16:04:33       0     64     42      0      0      0      0   1159      6      0 
 20260725    16:04:34       0      0      0      0      0      0      0   2737      6      0 
 20260725    16:04:35       0     19     12      0      0      0      0   2737      6      0 
 20260725    16:04:36       0      0      0      0      0      0      0   2737      6      0 
 20260725    16:04:37       0     22      5      0      0      0      0   2737      6      0 
 20260725    16:04:38       0     21     13      0      0      0      0   2737      6      0 
 20260725    16:04:39       0     11      0      0      0      0      0   2737      6      0 
 20260725    16:04:40       0     28     13      0      0      0      0   2737      6      0 
 20260725    16:04:41       0     35     22      0      0      0      0   2737      6      0 
 20260725    16:04:42       0     40     21      0      0      0      0   2737      6      0 
 20260725    16:04:43       0     35     22      0      0      0      0   2737      6      0 
 20260725    16:04:44       0     47     28      0      0      0      0   2737      6      0 
 20260725    16:04:45       0     16      8      0      0      0      0   2737      6      0 
 20260725    16:04:46       0     53     33      0      0      0      0   2737      6      0 
 20260725    16:04:47       0     56     36      0      0      0      0   2733      6      0 
 20260725    16:04:48       0      0      0      0      0      0      0   2737      6      0 
 20260725    16:04:49       0      0      0      0      0      0      0   2737      6      0 
 20260725    16:04:50       0     23     11      0      0      0      0   2737      6      0 
 20260725    16:04:51       0     25      7      0      0      0      0   2737      6      0 
#Date        Time         gpu     sm    mem    enc    dec    jpg    ofa     fb   bar1   ccpm 
#YYYYMMDD    HH:MM:SS     Idx      %      %      %      %      %      %     MB     MB     MB 
 20260725    16:04:52       0     12      7      0      0      0      0   2737      6      0 
 20260725    16:04:53       0     36     23      0      0      0      0   2737      6      0 
 20260725    16:04:54       0     21     13      0      0      0      0   1159      6      0 
 20260725    16:04:55       0     69     45      0      0      0      0   2733      6      0 
 20260725    16:04:56       0     11      0      0      0      0      0   2737      6      0 
 20260725    16:04:57       0     83     54      0      0      0      0   2737      6      0 
 20260725    16:04:58       0     12      0      0      0      0      0   2733      6      0 
 20260725    16:04:59       0     23      6      0      0      0      0   2737      6      0 
 20260725    16:05:00       0      0      0      0      0      0      0   2737      6      0 
 20260725    16:05:01       0     18     11      0      0      0      0   2733      6      0 
 20260725    16:05:02       0     13      8      0      0      0      0   2737      6      0 
 20260725    16:05:03       0     25     16      0      0      0      0   2737      6      0 
 20260725    16:05:04       0      0      0      0      0      0      0   2737      6      0 
 20260725    16:05:05       0     21     13      0      0      0      0   2737      6      0 
 20260725    16:05:06       0     28     20      0      0      0      0   2737      6      0 
 20260725    16:05:07       0     66     43      0      0      0      0   2737      6      0 
 20260725    16:05:08       0      9      6      0      0      0      0   2737      6      0 
 20260725    16:05:09       0      3      0      0      0      0      0   2737      6      0 
 20260725    16:05:10       0     11      7      0      0      0      0   2737      6      0 
 20260725    16:05:11       0     83     54      0      0      0      0   1159      6      0 
 20260725    16:05:12       0     83     54      0      0      0      0   2737      6      0 
 20260725    16:05:13       0     41     17      0      0      0      0   2733      6      0 
 20260725    16:05:14       0     48     29      0      0      0      0   2737      6      0 
 20260725    16:05:15       0     18     11      0      0      0      0   2737      6      0 
 20260725    16:05:16       0     75     49      0      0      0      0   2733      6      0 
 20260725    16:05:17       0     76     50      0      0      0      0   2737      6      0 
 20260725    16:05:18       0     51     31      0      0      0      0   2737      6      0 
 20260725    16:05:19       0     18     11      0      0      0      0   2737      6      0 
 20260725    16:05:20       0      9      0      0      0      0      0   2737      6      0 
 20260725    16:05:21       0     21     13      0      0      0      0   2737      6      0 
 20260725    16:05:22       0     21     13      0      0      0      0   2733      6      0 
 20260725    16:05:23       0     78     51      0      0      0      0   2737      6      0 
 20260725    16:05:24       0     17      1      0      0      0      0   2737      6      0 
 20260725    16:05:25       0     10      3      0      0      0      0   2737      6      0 
 20260725    16:05:26       0     31     11      0      0      0      0   2737      6      0 
 20260725    16:05:27       0     62     41      0      0      0      0   2737      6      0 
 20260725    16:05:28       0     21     13      0      0      0      0   2737      6      0 
 20260725    16:05:29       0     74     48      0      0      0      0   2737      6      0 
 20260725    16:05:30       0     70     46      0      0      0      0   2739      6      0 
 20260725    16:05:31       0     83     54      0      0      0      0   2737      6      0 
 20260725    16:05:32       0     75     49      0      0      0      0   2737      6      0 
 20260725    16:05:33       0     49     31      0      0      0      0   2737      6      0 
 20260725    16:05:34       0     21      9      0      0      0      0   2737      6      0 
 20260725    16:05:35       0     76     50      0      0      0      0   2737      6      0 
#Date        Time         gpu     sm    mem    enc    dec    jpg    ofa     fb   bar1   ccpm 
#YYYYMMDD    HH:MM:SS     Idx      %      %      %      %      %      %     MB     MB     MB 
 20260725    16:05:36       0     57     37      0      0      0      0   2737      6      0 
 20260725    16:05:37       0     44     21      0      0      0      0   2739      6      0 
 20260725    16:05:38       0     15      0      0      0      0      0   2733      6      0 
 20260725    16:05:39       0     21     13      0      0      0      0   2737      6      0 
 20260725    16:05:40       0     28     18      0      0      0      0   2737      6      0 
 20260725    16:05:41       0     52     32      0      0      0      0   1783      6      0 
 20260725    16:05:42       0     23     12      0      0      0      0   2737      6      0 
 20260725    16:05:43       0     10      0      0      0      0      0   2733      6      0 
 20260725    16:05:44       0     18     11      0      0      0      0   2737      6      0 
 20260725    16:05:45       0      0      0      0      0      0      0   1159      6      0 
 20260725    16:05:46       0      0      0      0      0      0      0   2737      6      0 
 20260725    16:05:47       0     78     51      0      0      0      0   2737      6      0 
 20260725    16:05:49       0     10      6      0      0      0      0   1159      6      0 
 20260725    16:05:50       0      3      2      0      0      0      0   1159      6      0 
 20260725    16:05:51       0      3      2      0      0      0      0   2737      6      0 
 20260725    16:05:52       0     68     44      0      0      0      0   1159      6      0 
 20260725    16:05:53       0     36     15      0      0      0      0   2737      6      0 
 20260725    16:05:54       0     21     13      0      0      0      0   2733      6      0 
 20260725    16:05:55       0     44     29      0      0      0      0   2739      6      0 
 20260725    16:05:56       0     28     18      0      0      0      0   2737      6      0 
 20260725    16:05:57       0     10      0      0      0      0      0   2737      6      0 
 20260725    16:05:58       0     22     14      0      0      0      0   2737      6      0 
 20260725    16:05:59       0     68     45      0      0      0      0   1159      6      0 
 20260725    16:06:00       0     45     30      0      0      0      0   2737      6      0 
 20260725    16:06:01       0     40     26      0      0      0      0   2737      6      0 
 20260725    16:06:02       0     22     13      0      0      0      0   2737      6      0 
 20260725    16:06:03       0     22      4      0      0      0      0   2737      6      0 
 20260725    16:06:04       0      0      0      0      0      0      0   2737      6      0 
 20260725    16:06:05       0      3      2      0      0      0      0   2733      6      0 
 20260725    16:06:06       0     23      7      0      0      0      0   2737      6      0 
 20260725    16:06:07       0     21     13      0      0      0      0   2737      6      0 
 20260725    16:06:08       0     83     54      0      0      0      0   2733      6      0 
 20260725    16:06:09       0     50     31      0      0      0      0   2737      6      0 
 20260725    16:06:10       0     26     11      0      0      0      0   2737      6      0 
 20260725    16:06:11       0     26     16      0      0      0      0   2737      6      0 
 20260725    16:06:12       0      0      0      0      0      0      0   2733      6      0 
 20260725    16:06:13       0     30     19      0      0      0      0   2737      6      0 
 20260725    16:06:14       0     20     10      0      0      0      0   2737      6      0 
 20260725    16:06:15       0     18     11      0      0      0      0   2737      6      0 
 20260725    16:06:16       0     83     54      0      0      0      0   2733      6      0 
 20260725    16:06:17       0     54     33      0      0      0      0   2737      6      0 
 20260725    16:06:18       0     18     11      0      0      0      0   1159      6      0 
 20260725    16:06:19       0     35     14      0      0      0      0   1159      6      0 
 20260725    16:06:20       0     24     13      0      0      0      0   2737      6      0 
#Date        Time         gpu     sm    mem    enc    dec    jpg    ofa     fb   bar1   ccpm 
#YYYYMMDD    HH:MM:SS     Idx      %      %      %      %      %      %     MB     MB     MB 
 20260725    16:06:21       0     15      0      0      0      0      0   2739      6      0 
 20260725    16:06:22       0     18     11      0      0      0      0   2737      6      0 
 20260725    16:06:23       0     26      7      0      0      0      0   2737      6      0 
 20260725    16:06:24       0     25     10      0      0      0      0   2737      6      0 
 20260725    16:06:25       0     39     25      0      0      0      0   2737      6      0 
 20260725    16:06:26       0      4      2      0      0      0      0   1159      6      0 
 20260725    16:06:27       0     79     52      0      0      0      0   2737      6      0 
 20260725    16:06:28       0     20      9      0      0      0      0   2737      6      0 
 20260725    16:06:29       0      0      0      0      0      0      0   1159      6      0 
 20260725    16:06:30       0     13      7      0      0      0      0   2737      6      0 
 20260725    16:06:31       0      0      0      0      0      0      0   1159      6      0 
 20260725    16:06:32       0     67     44      0      0      0      0   2733      6      0 
 20260725    16:06:33       0      0      0      0      0      0      0   1159      6      0 
 20260725    16:06:34       0     40     25      0      0      0      0   1159      6      0 
 20260725    16:06:35       0     48     29      0      0      0      0   1783      6      0 
 20260725    16:06:36       0     18     11      0      0      0      0   2739      6      0 
 20260725    16:06:37       0     83     54      0      0      0      0   2737      6      0 
 20260725    16:06:38       0     53     35      0      0      0      0   2739      6      0 
 20260725    16:06:39       0     17      3      0      0      0      0   2737      6      0 
 20260725    16:06:40       0     10      0      0      0      0      0   2733      6      0 
 20260725    16:06:41       0     21     13      0      0      0      0   2737      6      0 
 20260725    16:06:42       0     45     30      0      0      0      0   2737      6      0 
 20260725    16:06:43       0     68     45      0      0      0      0   2737      6      0 
 20260725    16:06:44       0     72     47      0      0      0      0   2737      6      0 
 20260725    16:06:45       0     55     36      0      0      0      0   1159      6      0 
 20260725    16:06:46       0     21     13      0      0      0      0   2737      6      0 
 20260725    16:06:47       0     72     47      0      0      0      0   2737      6      0 
 20260725    16:06:48       0     28      9      0      0      0      0   2733      6      0 
 20260725    16:06:49       0     20     12      0      0      0      0   2737      6      0 
 20260725    16:06:50       0     37     24      0      0      0      0   2737      6      0 
 20260725    16:06:51       0     83     54      0      0      0      0   1159      6      0 
 20260725    16:06:52       0     45     27      0      0      0      0   2737      6      0 
 20260725    16:06:53       0      0      0      0      0      0      0   1159      6      0 
 20260725    16:06:54       0      0      0      0      0      0      0   1159      6      0 
 20260725    16:06:55       0      0      0      0      0      0      0   1159      6      0 
 20260725    16:06:56       0      0      0      0      0      0      0   1159      6      0 
 20260725    16:06:57       0      0      0      0      0      0      0   1159      6      0 
 20260725    16:06:58       0      0      0      0      0      0      0   1159      6      0 
