#Date        Time         gpu     sm    mem    enc    dec    jpg    ofa     fb   bar1   ccpm 
#YYYYMMDD    HH:MM:SS     Idx      %      %      %      %      %      %     MB     MB     MB 
 20260725    15:54:01       0      0      0      0      0      0      0     44      4      0 
 20260725    15:54:02       0      0      0      0      0      0      0     44      4      0 
 20260725    15:54:03       0      5      0      0      0      0      0   1157      6      0 
 20260725    15:54:04       0      0      0      0      0      0      0   1421      6      0 
 20260725    15:54:05       0      0      0      0      0      0      0   1421      6      0 
 20260725    15:54:06       0      0      0      0      0      0      0   1421      6      0 
 20260725    15:54:07       0      0      0      0      0      0      0   1235      6      0 
 20260725    15:54:08       0     13      8      0      0      0      0   4717      6      0 
 20260725    15:54:09       0     23      3      0      0      0      0   2313      6      0 
 20260725    15:54:10       0     11      7      0      0      0      0   2737      6      0 
 20260725    15:54:11       0     14      0      0      0      0      0   2737      6      0 
 20260725    15:54:12       0     21     13      0      0      0      0   2739      6      0 
 20260725    15:54:13       0     73     48      0      0      0      0   2737      6      0 
 20260725    15:54:14       0     30     21      0      0      0      0   2737      6      0 
 20260725    15:54:15       0     34     22      0      0      0      0   2737      6      0 
 20260725    15:54:16       0     23     10      0      0      0      0   2737      6      0 
 20260725    15:54:17       0     82     54      0      0      0      0   2737      6      0 
 20260725    15:54:18       0     83     54      0      0      0      0   2737      6      0 
 20260725    15:54:19       0      0      0      0      0      0      0   2733      6      0 
 20260725    15:54:20       0     30      7      0      0      0      0   2737      6      0 
 20260725    15:54:21       0     21      6      0      0      0      0   2737      6      0 
 20260725    15:54:22       0     32     21      0      0      0      0   2737      6      0 
 20260725    15:54:23       0      0      0      0      0      0      0   2737      6      0 
 20260725    15:54:24       0     16      3      0      0      0      0   2737      6      0 
 20260725    15:54:25       0     15      1      0      0      0      0   2737      6      0 
 20260725    15:54:26       0      0      0      0      0      0      0   2737      6      0 
 20260725    15:54:27       0     41     23      0      0      0      0   2737      6      0 
 20260725    15:54:28       0      0      0      0      0      0      0   2733      6      0 
 20260725    15:54:29       0      0      0      0      0      0      0   2737      6      0 
 20260725    15:54:30       0      0      0      0      0      0      0   2737      6      0 
 20260725    15:54:31       0      0      0      0      0      0      0   2737      6      0 
 20260725    15:54:32       0      0      0      0      0      0      0   2737      6      0 
 20260725    15:54:33       0     34     33      0      0      0      0   2737      6      0 
 20260725    15:54:34       0      0      0      0      0      0      0   2737      6      0 
 20260725    15:54:35       0      0      0      0      0      0      0   2737      6      0 
 20260725    15:54:36       0      0      0      0      0      0      0   2737      6      0 
 20260725    15:54:37       0     42     24      0      0      0      0   2737      6      0 
 20260725    15:54:38       0      0      0      0      0      0      0   2737      6      0 
 20260725    15:54:39       0      3      2      0      0      0      0   2737      6      0 
 20260725    15:54:40       0      0      0      0      0      0      0   2737      6      0 
 20260725    15:54:41       0      0      0      0      0      0      0   2733      6      0 
 20260725    15:54:42       0     39     26      0      0      0      0   2737      6      0 
 20260725    15:54:43       0      0      0      0      0      0      0   2737      6      0 
 20260725    15:54:44       0     14      0      0      0      0      0   2737      6      0 
#Date        Time         gpu     sm    mem    enc    dec    jpg    ofa     fb   bar1   ccpm 
#YYYYMMDD    HH:MM:SS     Idx      %      %      %      %      %      %     MB     MB     MB 
 20260725    15:54:45       0     64     43      0      0      0      0   1159      6      0 
 20260725    15:54:46       0     21     13      0      0      0      0   2737      6      0 
 20260725    15:54:47       0     12      0      0      0      0      0   2737      6      0 
 20260725    15:54:48       0      6      0      0      0      0      0   2733      6      0 
 20260725    15:54:49       0     51     34      0      0      0      0   2737      6      0 
 20260725    15:54:50       0     49     33      0      0      0      0   2737      6      0 
 20260725    15:54:51       0      0      0      0      0      0      0   2737      6      0 
 20260725    15:54:52       0     39     25      0      0      0      0   2737      6      0 
 20260725    15:54:53       0      0      0      0      0      0      0   2737      6      0 
 20260725    15:54:54       0      0      0      0      0      0      0   2737      6      0 
 20260725    15:54:55       0     83     54      0      0      0      0   2737      6      0 
 20260725    15:54:56       0      0      0      0      0      0      0   2737      6      0 
 20260725    15:54:57       0      0      0      0      0      0      0   2737      6      0 
 20260725    15:54:58       0      0      0      0      0      0      0   2737      6      0 
 20260725    15:54:59       0     21     13      0      0      0      0   2737      6      0 
 20260725    15:55:00       0     50     33      0      0      0      0   2737      6      0 
 20260725    15:55:01       0      0      0      0      0      0      0   2737      6      0 
 20260725    15:55:02       0      0      0      0      0      0      0   2737      6      0 
 20260725    15:55:03       0     31     26      0      0      0      0   2737      6      0 
 20260725    15:55:04       0      0      0      0      0      0      0   2737      6      0 
 20260725    15:55:05       0      0      0      0      0      0      0   2737      6      0 
 20260725    15:55:06       0      0      0      0      0      0      0   2737      6      0 
 20260725    15:55:07       0      0      0      0      0      0      0   2737      6      0 
 20260725    15:55:08       0      0      0      0      0      0      0   2737      6      0 
 20260725    15:55:09       0     13      0      0      0      0      0   2737      6      0 
 20260725    15:55:10       0      0      0      0      0      0      0   2737      6      0 
 20260725    15:55:11       0      0      0      0      0      0      0   2737      6      0 
 20260725    15:55:12       0     53     35      0      0      0      0   2737      6      0 
 20260725    15:55:13       0     26     17      0      0      0      0   2737      6      0 
 20260725    15:55:14       0      0      0      0      0      0      0   2737      6      0 
 20260725    15:55:16       0      0      0      0      0      0      0   2737      6      0 
 20260725    15:55:17       0      0      0      0      0      0      0   2737      6      0 
 20260725    15:55:18       0     15      4      0      0      0      0   1159      6      0 
 20260725    15:55:19       0     68     45      0      0      0      0   2737      6      0 
 20260725    15:55:20       0      0      0      0      0      0      0   2737      6      0 
 20260725    15:55:21       0      0      0      0      0      0      0   2737      6      0 
 20260725    15:55:22       0      0      0      0      0      0      0   2737      6      0 
 20260725    15:55:23       0      0      0      0      0      0      0   2737      6      0 
 20260725    15:55:24       0     59     39      0      0      0      0   2737      6      0 
 20260725    15:55:25       0     34     22      0      0      0      0   2737      6      0 
 20260725    15:55:26       0      0      0      0      0      0      0   2737      6      0 
 20260725    15:55:27       0      0      0      0      0      0      0   2737      6      0 
 20260725    15:55:28       0     21     13      0      0      0      0   2737      6      0 
 20260725    15:55:29       0      0      0      0      0      0      0   2737      6      0 
#Date        Time         gpu     sm    mem    enc    dec    jpg    ofa     fb   bar1   ccpm 
#YYYYMMDD    HH:MM:SS     Idx      %      %      %      %      %      %     MB     MB     MB 
 20260725    15:55:30       0      0      0      0      0      0      0   2737      6      0 
 20260725    15:55:31       0     16     10      0      0      0      0   2737      6      0 
 20260725    15:55:32       0      0      0      0      0      0      0   2737      6      0 
 20260725    15:55:33       0     18     11      0      0      0      0   2737      6      0 
 20260725    15:55:34       0     34     14      0      0      0      0   2733      6      0 
 20260725    15:55:35       0     21     13      0      0      0      0   2737      6      0 
 20260725    15:55:36       0     21     13      0      0      0      0   2737      6      0 
 20260725    15:55:37       0      0      0      0      0      0      0   2737      6      0 
 20260725    15:55:38       0     74     49      0      0      0      0   2737      6      0 
 20260725    15:55:39       0      0      0      0      0      0      0   2737      6      0 
 20260725    15:55:40       0     26     17      0      0      0      0   2739      6      0 
 20260725    15:55:41       0     21     13      0      0      0      0   2737      6      0 
 20260725    15:55:42       0     25     16      0      0      0      0   2737      6      0 
 20260725    15:55:43       0     19      8      0      0      0      0   2733      6      0 
 20260725    15:55:44       0     32     23      0      0      0      0   2737      6      0 
 20260725    15:55:45       0      0      0      0      0      0      0   2737      6      0 
 20260725    15:55:46       0     80     53      0      0      0      0   2733      6      0 
 20260725    15:55:47       0      0      0      0      0      0      0   2737      6      0 
 20260725    15:55:48       0      0      0      0      0      0      0   2737      6      0 
 20260725    15:55:49       0      0      0      0      0      0      0   2737      6      0 
 20260725    15:55:50       0     28     17      0      0      0      0   2737      6      0 
 20260725    15:55:51       0     44     25      0      0      0      0   2733      6      0 
 20260725    15:55:52       0      0      0      0      0      0      0   2737      6      0 
 20260725    15:55:53       0      0      0      0      0      0      0   2737      6      0 
 20260725    15:55:54       0     35     21      0      0      0      0   2737      6      0 
 20260725    15:55:55       0      0      0      0      0      0      0   2737      6      0 
 20260725    15:55:56       0     62     41      0      0      0      0   2733      6      0 
 20260725    15:55:57       0      0      0      0      0      0      0   2737      6      0 
 20260725    15:55:58       0     19     12      0      0      0      0   2737      6      0 
 20260725    15:55:59       0      0      0      0      0      0      0   2737      6      0 
 20260725    15:56:00       0     20     12      0      0      0      0   2739      6      0 
 20260725    15:56:01       0      0      0      0      0      0      0   2737      6      0 
 20260725    15:56:02       0      0      0      0      0      0      0   2737      6      0 
 20260725    15:56:03       0      0      0      0      0      0      0   2737      6      0 
 20260725    15:56:04       0      0      0      0      0      0      0   2737      6      0 
 20260725    15:56:05       0     17      0      0      0      0      0   2739      6      0 
 20260725    15:56:06       0     18      4      0      0      0      0   2737      6      0 
 20260725    15:56:07       0      0      0      0      0      0      0   2737      6      0 
 20260725    15:56:08       0     63     41      0      0      0      0   2737      6      0 
 20260725    15:56:09       0      0      0      0      0      0      0   2737      6      0 
 20260725    15:56:10       0      0      0      0      0      0      0   2737      6      0 
 20260725    15:56:11       0      0      0      0      0      0      0   2737      6      0 
 20260725    15:56:12       0      8      5      0      0      0      0   2737      6      0 
 20260725    15:56:13       0      3      0      0      0      0      0   2733      6      0 
#Date        Time         gpu     sm    mem    enc    dec    jpg    ofa     fb   bar1   ccpm 
#YYYYMMDD    HH:MM:SS     Idx      %      %      %      %      %      %     MB     MB     MB 
 20260725    15:56:14       0     18     11      0      0      0      0   2737      6      0 
 20260725    15:56:15       0     37     23      0      0      0      0   2737      6      0 
 20260725    15:56:16       0      9      9      0      0      0      0   2733      6      0 
 20260725    15:56:17       0      0      0      0      0      0      0   2737      6      0 
 20260725    15:56:18       0     34     26      0      0      0      0   1159      6      0 
 20260725    15:56:19       0      0      0      0      0      0      0   2737      6      0 
 20260725    15:56:20       0     42     25      0      0      0      0   2737      6      0 
 20260725    15:56:21       0      0      0      0      0      0      0   2737      6      0 
 20260725    15:56:22       0     72     48      0      0      0      0   2737      6      0 
 20260725    15:56:23       0      0      0      0      0      0      0   2737      6      0 
 20260725    15:56:24       0      0      0      0      0      0      0   1159      6      0 
 20260725    15:56:25       0      0      0      0      0      0      0   2737      6      0 
 20260725    15:56:26       0      0      0      0      0      0      0   2737      6      0 
 20260725    15:56:27       0      0      0      0      0      0      0   2737      6      0 
 20260725    15:56:28       0     73     48      0      0      0      0   2737      6      0 
 20260725    15:56:29       0     11      0      0      0      0      0   1159      6      0 
 20260725    15:56:30       0     32     20      0      0      0      0   1783      6      0 
 20260725    15:56:31       0     21     13      0      0      0      0   2737      6      0 
 20260725    15:56:32       0      2      0      0      0      0      0   2733      6      0 
 20260725    15:56:33       0     21     13      0      0      0      0   2737      6      0 
 20260725    15:56:34       0      0      0      0      0      0      0   2737      6      0 
 20260725    15:56:35       0      0      0      0      0      0      0   2737      6      0 
 20260725    15:56:36       0     19      0      0      0      0      0   2737      6      0 
 20260725    15:56:37       0     19     12      0      0      0      0   2737      6      0 
 20260725    15:56:38       0      0      0      0      0      0      0   2737      6      0 
 20260725    15:56:39       0      0      0      0      0      0      0   2737      6      0 
 20260725    15:56:40       0     77     51      0      0      0      0   2737      6      0 
 20260725    15:56:41       0      0      0      0      0      0      0   2737      6      0 
 20260725    15:56:42       0     18     11      0      0      0      0   2737      6      0 
 20260725    15:56:43       0     77     51      0      0      0      0   2737      6      0 
 20260725    15:56:44       0      0      0      0      0      0      0   2737      6      0 
 20260725    15:56:45       0     60     40      0      0      0      0   2737      6      0 
 20260725    15:56:46       0     33     23      0      0      0      0   2737      6      0 
 20260725    15:56:47       0      0      0      0      0      0      0   2737      6      0 
 20260725    15:56:48       0     11      7      0      0      0      0   2737      6      0 
 20260725    15:56:49       0      0      0      0      0      0      0   2737      6      0 
 20260725    15:56:50       0      0      0      0      0      0      0   2737      6      0 
 20260725    15:56:51       0      0      0      0      0      0      0   2737      6      0 
 20260725    15:56:52       0      0      0      0      0      0      0   1159      6      0 
 20260725    15:56:53       0     44     20      0      0      0      0   2737      6      0 
 20260725    15:56:54       0     49     32      0      0      0      0   1159      6      0 
 20260725    15:56:55       0     14      9      0      0      0      0   2737      6      0 
 20260725    15:56:56       0      0      0      0      0      0      0   2737      6      0 
 20260725    15:56:57       0     22     14      0      0      0      0   1935      6      0 
#Date        Time         gpu     sm    mem    enc    dec    jpg    ofa     fb   bar1   ccpm 
#YYYYMMDD    HH:MM:SS     Idx      %      %      %      %      %      %     MB     MB     MB 
 20260725    15:56:58       0      0      0      0      0      0      0   2733      6      0 
 20260725    15:56:59       0     18      0      0      0      0      0   2737      6      0 
 20260725    15:57:00       0     56     37      0      0      0      0   2737      6      0 
 20260725    15:57:01       0     38     25      0      0      0      0   2737      6      0 
 20260725    15:57:02       0      0      0      0      0      0      0   2737      6      0 
 20260725    15:57:03       0     83     54      0      0      0      0   2737      6      0 
 20260725    15:57:04       0     77     50      0      0      0      0   2737      6      0 
 20260725    15:57:05       0      0      0      0      0      0      0   2733      6      0 
 20260725    15:57:06       0      0      0      0      0      0      0   2737      6      0 
 20260725    15:57:07       0     31     21      0      0      0      0   2737      6      0 
 20260725    15:57:08       0      0      0      0      0      0      0   2737      6      0 
 20260725    15:57:09       0     37     24      0      0      0      0   2737      6      0 
 20260725    15:57:10       0      0      0      0      0      0      0   2737      6      0 
 20260725    15:57:11       0     28     19      0      0      0      0   2737      6      0 
 20260725    15:57:12       0     53     36      0      0      0      0   2737      6      0 
 20260725    15:57:13       0      3      0      0      0      0      0   2737      6      0 
 20260725    15:57:14       0      0      0      0      0      0      0   2737      6      0 
 20260725    15:57:15       0     18     11      0      0      0      0   2733      6      0 
 20260725    15:57:16       0     54     36      0      0      0      0   2737      6      0 
 20260725    15:57:17       0      0      0      0      0      0      0   2733      6      0 
 20260725    15:57:18       0      0      0      0      0      0      0   2737      6      0 
 20260725    15:57:19       0     78     52      0      0      0      0   2737      6      0 
 20260725    15:57:20       0     29      6      0      0      0      0   2737      6      0 
 20260725    15:57:21       0      0      0      0      0      0      0   2737      6      0 
 20260725    15:57:22       0     15      0      0      0      0      0   2737      6      0 
 20260725    15:57:23       0      0      0      0      0      0      0   2737      6      0 
 20260725    15:57:24       0      4      0      0      0      0      0   2737      6      0 
 20260725    15:57:25       0      0      0      0      0      0      0   1159      6      0 
 20260725    15:57:26       0      0      0      0      0      0      0   1783      6      0 
 20260725    15:57:27       0      0      0      0      0      0      0   2737      6      0 
 20260725    15:57:28       0     19      6      0      0      0      0   2737      6      0 
 20260725    15:57:29       0      0      0      0      0      0      0   2737      6      0 
 20260725    15:57:30       0      0      0      0      0      0      0   2737      6      0 
 20260725    15:57:31       0     38     25      0      0      0      0   2737      6      0 
 20260725    15:57:32       0      0      0      0      0      0      0   2737      6      0 
 20260725    15:57:33       0      0      0      0      0      0      0   2737      6      0 
 20260725    15:57:34       0      3      0      0      0      0      0   2737      6      0 
 20260725    15:57:35       0     63     42      0      0      0      0   1159      6      0 
 20260725    15:57:36       0      0      0      0      0      0      0   1159      6      0 
 20260725    15:57:37       0      0      0      0      0      0      0   2737      6      0 
 20260725    15:57:38       0     81     54      0      0      0      0   2737      6      0 
 20260725    15:57:39       0      7      0      0      0      0      0   2737      6      0 
 20260725    15:57:40       0     62     38      0      0      0      0   2737      6      0 
 20260725    15:57:41       0     35     16      0      0      0      0   2737      6      0 
#Date        Time         gpu     sm    mem    enc    dec    jpg    ofa     fb   bar1   ccpm 
#YYYYMMDD    HH:MM:SS     Idx      %      %      %      %      %      %     MB     MB     MB 
 20260725    15:57:42       0     18      8      0      0      0      0   2737      6      0 
 20260725    15:57:43       0      0      0      0      0      0      0   2737      6      0 
 20260725    15:57:44       0      0      0      0      0      0      0   2733      6      0 
 20260725    15:57:45       0      0      0      0      0      0      0   2737      6      0 
 20260725    15:57:46       0      0      0      0      0      0      0   2737      6      0 
 20260725    15:57:47       0      0      0      0      0      0      0   2737      6      0 
 20260725    15:57:48       0     69     46      0      0      0      0   2737      6      0 
 20260725    15:57:49       0      7      0      0      0      0      0   2737      6      0 
 20260725    15:57:50       0     55     49      0      0      0      0   2737      6      0 
 20260725    15:57:51       0      0      0      0      0      0      0   2737      6      0 
 20260725    15:57:52       0      0      0      0      0      0      0   2737      6      0 
 20260725    15:57:53       0     38     25      0      0      0      0   2737      6      0 
 20260725    15:57:54       0      0      0      0      0      0      0   2737      6      0 
 20260725    15:57:55       0      0      0      0      0      0      0   2737      6      0 
 20260725    15:57:56       0      0      0      0      0      0      0   2737      6      0 
 20260725    15:57:57       0     64     43      0      0      0      0   1159      6      0 
 20260725    15:57:58       0     49     29      0      0      0      0   2737      6      0 
 20260725    15:57:59       0     83     54      0      0      0      0   2737      6      0 
 20260725    15:58:00       0      3      0      0      0      0      0   2737      6      0 
 20260725    15:58:01       0      0      0      0      0      0      0   2737      6      0 
 20260725    15:58:02       0      3      0      0      0      0      0   2737      6      0 
 20260725    15:58:03       0      0      0      0      0      0      0   2737      6      0 
 20260725    15:58:04       0      0      0      0      0      0      0   2733      6      0 
 20260725    15:58:05       0     25     16      0      0      0      0   2737      6      0 
 20260725    15:58:06       0     57     38      0      0      0      0   2737      6      0 
 20260725    15:58:07       0      0      0      0      0      0      0   2737      6      0 
 20260725    15:58:08       0      9      0      0      0      0      0   2737      6      0 
 20260725    15:58:09       0      0      0      0      0      0      0   2737      6      0 
 20260725    15:58:10       0      0      0      0      0      0      0   2733      6      0 
 20260725    15:58:11       0     60     39      0      0      0      0   2737      6      0 
 20260725    15:58:12       0     17      4      0      0      0      0   2737      6      0 
 20260725    15:58:13       0      0      0      0      0      0      0   2737      6      0 
 20260725    15:58:14       0     10      6      0      0      0      0   2737      6      0 
 20260725    15:58:15       0      0      0      0      0      0      0   2737      6      0 
 20260725    15:58:16       0     29     15      0      0      0      0   2737      6      0 
 20260725    15:58:17       0     17     11      0      0      0      0   2733      6      0 
 20260725    15:58:18       0     81     54      0      0      0      0   2737      6      0 
 20260725    15:58:19       0      0      0      0      0      0      0   2737      6      0 
 20260725    15:58:20       0      0      0      0      0      0      0   2737      6      0 
 20260725    15:58:21       0      0      0      0      0      0      0   2737      6      0 
 20260725    15:58:22       0     30     19      0      0      0      0   2737      6      0 
 20260725    15:58:23       0     29     28      0      0      0      0   2737      6      0 
 20260725    15:58:24       0      0      0      0      0      0      0   2737      6      0 
 20260725    15:58:25       0     57     38      0      0      0      0   2737      6      0 
#Date        Time         gpu     sm    mem    enc    dec    jpg    ofa     fb   bar1   ccpm 
#YYYYMMDD    HH:MM:SS     Idx      %      %      %      %      %      %     MB     MB     MB 
 20260725    15:58:26       0      0      0      0      0      0      0   2733      6      0 
 20260725    15:58:27       0     30     19      0      0      0      0   1159      6      0 
 20260725    15:58:28       0     20     12      0      0      0      0   2733      6      0 
 20260725    15:58:29       0     81     53      0      0      0      0   2737      6      0 
 20260725    15:58:30       0      0      0      0      0      0      0   2737      6      0 
 20260725    15:58:31       0      0      0      0      0      0      0   2737      6      0 
 20260725    15:58:32       0     52     34      0      0      0      0   2737      6      0 
 20260725    15:58:33       0      0      0      0      0      0      0   2737      6      0 
 20260725    15:58:34       0      0      0      0      0      0      0   2737      6      0 
 20260725    15:58:35       0      2      0      0      0      0      0   1159      6      0 
 20260725    15:58:36       0     21     13      0      0      0      0   2737      6      0 
 20260725    15:58:37       0     12      3      0      0      0      0   1159      6      0 
 20260725    15:58:38       0      0      0      0      0      0      0   2737      6      0 
 20260725    15:58:39       0      0      0      0      0      0      0   2737      6      0 
 20260725    15:58:40       0     83     54      0      0      0      0   2737      6      0 
 20260725    15:58:41       0      0      0      0      0      0      0   2737      6      0 
 20260725    15:58:42       0      0      0      0      0      0      0   2737      6      0 
 20260725    15:58:43       0     11      0      0      0      0      0   2737      6      0 
 20260725    15:58:44       0     19      8      0      0      0      0   2737      6      0 
 20260725    15:58:45       0      0      0      0      0      0      0   2737      6      0 
 20260725    15:58:46       0     70     46      0      0      0      0   2737      6      0 
 20260725    15:58:47       0     83     54      0      0      0      0   2737      6      0 
 20260725    15:58:48       0      0      0      0      0      0      0   2737      6      0 
 20260725    15:58:49       0      0      0      0      0      0      0   2733      6      0 
 20260725    15:58:50       0     21     13      0      0      0      0   2737      6      0 
 20260725    15:58:51       0     53     35      0      0      0      0   2737      6      0 
 20260725    15:58:53       0      0      0      0      0      0      0   2737      6      0 
 20260725    15:58:54       0     83     54      0      0      0      0   2737      6      0 
 20260725    15:58:55       0     74     49      0      0      0      0   2737      6      0 
 20260725    15:58:56       0      0      0      0      0      0      0   2737      6      0 
 20260725    15:58:57       0     73     48      0      0      0      0   2737      6      0 
 20260725    15:58:58       0     83     54      0      0      0      0   2737      6      0 
 20260725    15:58:59       0      0      0      0      0      0      0   2737      6      0 
 20260725    15:59:00       0     18     11      0      0      0      0   2737      6      0 
 20260725    15:59:01       0      0      0      0      0      0      0   2737      6      0 
 20260725    15:59:02       0     21     13      0      0      0      0   2737      6      0 
 20260725    15:59:03       0      0      0      0      0      0      0   2737      6      0 
 20260725    15:59:04       0     21     13      0      0      0      0   2737      6      0 
 20260725    15:59:05       0     31     20      0      0      0      0   2737      6      0 
 20260725    15:59:06       0      0      0      0      0      0      0   2737      6      0 
 20260725    15:59:07       0     21     13      0      0      0      0   2737      6      0 
 20260725    15:59:08       0     14      3      0      0      0      0   2737      6      0 
 20260725    15:59:09       0      0      0      0      0      0      0   2737      6      0 
 20260725    15:59:10       0      0      0      0      0      0      0   2737      6      0 
#Date        Time         gpu     sm    mem    enc    dec    jpg    ofa     fb   bar1   ccpm 
#YYYYMMDD    HH:MM:SS     Idx      %      %      %      %      %      %     MB     MB     MB 
 20260725    15:59:11       0     13      0      0      0      0      0   2737      6      0 
 20260725    15:59:12       0     15      2      0      0      0      0   2737      6      0 
 20260725    15:59:13       0      0      0      0      0      0      0   2737      6      0 
 20260725    15:59:14       0     63     42      0      0      0      0   2737      6      0 
 20260725    15:59:15       0     15      0      0      0      0      0   2737      6      0 
 20260725    15:59:16       0      0      0      0      0      0      0   2737      6      0 
 20260725    15:59:17       0      0      0      0      0      0      0   2737      6      0 
 20260725    15:59:18       0     12      0      0      0      0      0   2739      6      0 
 20260725    15:59:19       0     42     27      0      0      0      0   1159      6      0 
 20260725    15:59:20       0     46     30      0      0      0      0   2737      6      0 
 20260725    15:59:21       0     14      0      0      0      0      0   2737      6      0 
 20260725    15:59:22       0     44     26      0      0      0      0   2733      6      0 
 20260725    15:59:23       0      0      0      0      0      0      0   2737      6      0 
 20260725    15:59:24       0     13      0      0      0      0      0   2737      6      0 
 20260725    15:59:25       0      0      0      0      0      0      0   2737      6      0 
 20260725    15:59:26       0     21     13      0      0      0      0   2737      6      0 
 20260725    15:59:27       0      0      0      0      0      0      0   2737      6      0 
 20260725    15:59:28       0     16      5      0      0      0      0   2737      6      0 
 20260725    15:59:29       0     45     23      0      0      0      0   2737      6      0 
 20260725    15:59:30       0     20      4      0      0      0      0   2737      6      0 
 20260725    15:59:31       0     25     16      0      0      0      0   2737      6      0 
 20260725    15:59:32       0     73     48      0      0      0      0   2737      6      0 
 20260725    15:59:33       0     27     13      0      0      0      0   2737      6      0 
 20260725    15:59:34       0      7      2      0      0      0      0   2737      6      0 
 20260725    15:59:35       0      0      0      0      0      0      0   2737      6      0 
 20260725    15:59:36       0     67     44      0      0      0      0   2733      6      0 
 20260725    15:59:37       0      0      0      0      0      0      0   2737      6      0 
 20260725    15:59:38       0     83     54      0      0      0      0   2737      6      0 
 20260725    15:59:39       0     24      8      0      0      0      0   2737      6      0 
 20260725    15:59:40       0     64     42      0      0      0      0   2737      6      0 
 20260725    15:59:41       0     20      1      0      0      0      0   2733      6      0 
 20260725    15:59:42       0      0      0      0      0      0      0   2737      6      0 
 20260725    15:59:43       0      0      0      0      0      0      0   2737      6      0 
 20260725    15:59:44       0     22     15      0      0      0      0   2737      6      0 
 20260725    15:59:45       0      0      0      0      0      0      0   2737      6      0 
 20260725    15:59:46       0     36     23      0      0      0      0   2737      6      0 
 20260725    15:59:47       0      0      0      0      0      0      0   2737      6      0 
 20260725    15:59:48       0      3      2      0      0      0      0   2737      6      0 
 20260725    15:59:49       0      0      0      0      0      0      0   2737      6      0 
 20260725    15:59:50       0      0      0      0      0      0      0   2737      6      0 
 20260725    15:59:51       0      0      0      0      0      0      0   2737      6      0 
 20260725    15:59:52       0      0      0      0      0      0      0   2737      6      0 
 20260725    15:59:53       0      0      0      0      0      0      0   2737      6      0 
 20260725    15:59:54       0     37     15      0      0      0      0   2737      6      0 
#Date        Time         gpu     sm    mem    enc    dec    jpg    ofa     fb   bar1   ccpm 
#YYYYMMDD    HH:MM:SS     Idx      %      %      %      %      %      %     MB     MB     MB 
 20260725    15:59:55       0     13      0      0      0      0      0   2733      6      0 
 20260725    15:59:56       0     24      8      0      0      0      0   2739      6      0 
 20260725    15:59:57       0      0      0      0      0      0      0   2737      6      0 
 20260725    15:59:58       0      0      0      0      0      0      0   2737      6      0 
 20260725    15:59:59       0      9      0      0      0      0      0   2733      6      0 
 20260725    16:00:00       0     33     21      0      0      0      0   2737      6      0 
 20260725    16:00:01       0     17      1      0      0      0      0   2737      6      0 
 20260725    16:00:02       0      0      0      0      0      0      0   2737      6      0 
 20260725    16:00:03       0     21     13      0      0      0      0   2737      6      0 
 20260725    16:00:04       0      0      0      0      0      0      0   2737      6      0 
 20260725    16:00:05       0      0      0      0      0      0      0   2737      6      0 
 20260725    16:00:06       0      0      0      0      0      0      0   2737      6      0 
 20260725    16:00:07       0      0      0      0      0      0      0   2737      6      0 
 20260725    16:00:08       0     23     13      0      0      0      0   2739      6      0 
 20260725    16:00:09       0     31     19      0      0      0      0   2733      6      0 
 20260725    16:00:10       0      0      0      0      0      0      0   2737      6      0 
 20260725    16:00:11       0     36     23      0      0      0      0   2737      6      0 
 20260725    16:00:12       0      0      0      0      0      0      0   2737      6      0 
 20260725    16:00:13       0     64     42      0      0      0      0   2737      6      0 
 20260725    16:00:14       0      0      0      0      0      0      0   2737      6      0 
 20260725    16:00:15       0     15      1      0      0      0      0   2737      6      0 
 20260725    16:00:16       0      4      0      0      0      0      0   2733      6      0 
 20260725    16:00:17       0      0      0      0      0      0      0   2737      6      0 
 20260725    16:00:18       0     21     13      0      0      0      0   2737      6      0 
 20260725    16:00:19       0      0      0      0      0      0      0   2737      6      0 
 20260725    16:00:20       0      0      0      0      0      0      0   2733      6      0 
 20260725    16:00:21       0     48     31      0      0      0      0   2737      6      0 
 20260725    16:00:22       0     24     14      0      0      0      0   2739      6      0 
 20260725    16:00:23       0     44     31      0      0      0      0   2737      6      0 
 20260725    16:00:24       0      0      0      0      0      0      0   2737      6      0 
 20260725    16:00:25       0     22     15      0      0      0      0   2737      6      0 
 20260725    16:00:26       0     75     49      0      0      0      0   2737      6      0 
 20260725    16:00:27       0     18      6      0      0      0      0   2737      6      0 
 20260725    16:00:28       0      0      0      0      0      0      0   2737      6      0 
 20260725    16:00:29       0     71     47      0      0      0      0   2737      6      0 
 20260725    16:00:30       0     33     21      0      0      0      0   2737      6      0 
 20260725    16:00:31       0      0      0      0      0      0      0   2737      6      0 
 20260725    16:00:32       0      0      0      0      0      0      0   2737      6      0 
 20260725    16:00:33       0     45     30      0      0      0      0   2739      6      0 
 20260725    16:00:34       0     51     33      0      0      0      0   2733      6      0 
 20260725    16:00:35       0      0      0      0      0      0      0   2737      6      0 
 20260725    16:00:36       0     36     30      0      0      0      0   2737      6      0 
 20260725    16:00:37       0      0      0      0      0      0      0   2737      6      0 
 20260725    16:00:38       0     18     11      0      0      0      0   2737      6      0 
#Date        Time         gpu     sm    mem    enc    dec    jpg    ofa     fb   bar1   ccpm 
#YYYYMMDD    HH:MM:SS     Idx      %      %      %      %      %      %     MB     MB     MB 
 20260725    16:00:39       0     16      3      0      0      0      0   2737      6      0 
 20260725    16:00:40       0      0      0      0      0      0      0   2737      6      0 
 20260725    16:00:41       0      0      0      0      0      0      0   2733      6      0 
 20260725    16:00:42       0     42     18      0      0      0      0   2737      6      0 
 20260725    16:00:43       0      8      0      0      0      0      0   2737      6      0 
 20260725    16:00:44       0     77     51      0      0      0      0   2737      6      0 
 20260725    16:00:45       0      0      0      0      0      0      0   2733      6      0 
 20260725    16:00:46       0     81     54      0      0      0      0   2737      6      0 
 20260725    16:00:47       0      0      0      0      0      0      0   2737      6      0 
 20260725    16:00:48       0      0      0      0      0      0      0   1159      6      0 
 20260725    16:00:49       0      0      0      0      0      0      0   1159      6      0 
 20260725    16:00:50       0     46     30      0      0      0      0   2737      6      0 
 20260725    16:00:51       0     21     13      0      0      0      0   2737      6      0 
 20260725    16:00:52       0      0      0      0      0      0      0   2737      6      0 
 20260725    16:00:53       0     41     24      0      0      0      0   2737      6      0 
 20260725    16:00:54       0     62     41      0      0      0      0   2737      6      0 
 20260725    16:00:55       0      0      0      0      0      0      0   2737      6      0 
 20260725    16:00:56       0     32     13      0      0      0      0   2737      6      0 
 20260725    16:00:57       0     50     48      0      0      0      0   2737      6      0 
 20260725    16:00:58       0      0      0      0      0      0      0   2737      6      0 
 20260725    16:00:59       0      0      0      0      0      0      0   2737      6      0 
 20260725    16:01:00       0      0      0      0      0      0      0   2737      6      0 
 20260725    16:01:01       0      0      0      0      0      0      0   2737      6      0 
 20260725    16:01:02       0     61     40      0      0      0      0   2737      6      0 
 20260725    16:01:03       0     77     51      0      0      0      0   1783      6      0 
 20260725    16:01:04       0      7      0      0      0      0      0   2737      6      0 
 20260725    16:01:05       0     68     45      0      0      0      0   1159      6      0 
 20260725    16:01:06       0      0      0      0      0      0      0   2737      6      0 
 20260725    16:01:07       0     17      2      0      0      0      0   2733      6      0 
 20260725    16:01:08       0      0      0      0      0      0      0   2737      6      0 
 20260725    16:01:09       0      0      0      0      0      0      0   2733      6      0 
 20260725    16:01:10       0      0      0      0      0      0      0   2737      6      0 
 20260725    16:01:11       0     15      4      0      0      0      0   2737      6      0 
 20260725    16:01:12       0      0      0      0      0      0      0   2733      6      0 
 20260725    16:01:13       0      9      1      0      0      0      0   2737      6      0 
 20260725    16:01:14       0     83     54      0      0      0      0   2737      6      0 
 20260725    16:01:15       0     34     25      0      0      0      0   2737      6      0 
 20260725    16:01:16       0      0      0      0      0      0      0   2737      6      0 
 20260725    16:01:17       0     20      9      0      0      0      0   2737      6      0 
 20260725    16:01:18       0     25     12      0      0      0      0   2737      6      0 
 20260725    16:01:19       0      0      0      0      0      0      0   2737      6      0 
 20260725    16:01:20       0      6      3      0      0      0      0   2737      6      0 
 20260725    16:01:21       0     75     50      0      0      0      0   2737      6      0 
 20260725    16:01:22       0      0      0      0      0      0      0   2737      6      0 
#Date        Time         gpu     sm    mem    enc    dec    jpg    ofa     fb   bar1   ccpm 
#YYYYMMDD    HH:MM:SS     Idx      %      %      %      %      %      %     MB     MB     MB 
 20260725    16:01:23       0     83     54      0      0      0      0   2737      6      0 
 20260725    16:01:24       0     24     15      0      0      0      0   2737      6      0 
 20260725    16:01:25       0      0      0      0      0      0      0   1159      6      0 
 20260725    16:01:26       0     74     50      0      0      0      0   2737      6      0 
 20260725    16:01:27       0     30     19      0      0      0      0   1783      6      0 
 20260725    16:01:28       0     83     54      0      0      0      0   2737      6      0 
 20260725    16:01:29       0      0      0      0      0      0      0   2737      6      0 
 20260725    16:01:30       0      0      0      0      0      0      0   2737      6      0 
 20260725    16:01:31       0     60     39      0      0      0      0   2737      6      0 
 20260725    16:01:32       0      0      0      0      0      0      0   2733      6      0 
 20260725    16:01:33       0     83     54      0      0      0      0   2737      6      0 
 20260725    16:01:34       0      0      0      0      0      0      0   2737      6      0 
 20260725    16:01:35       0      0      0      0      0      0      0   2737      6      0 
 20260725    16:01:36       0      0      0      0      0      0      0   2737      6      0 
 20260725    16:01:37       0      0      0      0      0      0      0   2737      6      0 
 20260725    16:01:38       0     14      0      0      0      0      0   2733      6      0 
 20260725    16:01:39       0     68     45      0      0      0      0   2739      6      0 
 20260725    16:01:40       0     20     11      0      0      0      0   2737      6      0 
 20260725    16:01:41       0     15      2      0      0      0      0   2737      6      0 
 20260725    16:01:42       0     15      9      0      0      0      0   2733      6      0 
 20260725    16:01:43       0     72     47      0      0      0      0   2737      6      0 
 20260725    16:01:44       0      0      0      0      0      0      0   2737      6      0 
 20260725    16:01:45       0      0      0      0      0      0      0   2737      6      0 
 20260725    16:01:46       0      0      0      0      0      0      0   2737      6      0 
 20260725    16:01:47       0     78     52      0      0      0      0   1159      6      0 
 20260725    16:01:48       0      0      0      0      0      0      0   1159      6      0 
 20260725    16:01:49       0      0      0      0      0      0      0   1159      6      0 
 20260725    16:01:50       0      0      0      0      0      0      0   1159      6      0 
 20260725    16:01:51       0      0      0      0      0      0      0   1159      6      0 
 20260725    16:01:52       0      0      0      0      0      0      0   1159      6      0 
 20260725    16:01:53       0      0      0      0      0      0      0   1159      6      0 
