#Date        Time         gpu     sm    mem    enc    dec    jpg    ofa     fb   bar1   ccpm 
#YYYYMMDD    HH:MM:SS     Idx      %      %      %      %      %      %     MB     MB     MB 
 20260725    16:24:51       0      0      0      0      0      0      0     44      4      0 
 20260725    16:24:52       0      0      0      0      0      0      0     44      4      0 
 20260725    16:24:53       0      0      0      0      0      0      0     44      4      0 
 20260725    16:24:54       0      2      0      0      0      0      0   3604     16      0 
 20260725    16:24:55       0      0      0      0      0      0      0   3844     16      0 
 20260725    16:24:56       0      0      0      0      0      0      0   8498     16      0 
 20260725    16:24:57       0     60     37      0      0      0      0  10624     16      0 
 20260725    16:24:58       0     98     64      0      0      0      0  22476     16      0 
 20260725    16:24:59       0     83     43      0      0      0      0  13278     16      0 
 20260725    16:25:00       0     95     46      0      0      0      0  12892     16      0 
 20260725    16:25:01       0    100     63      0      0      0      0  16206     16      0 
 20260725    16:25:02       0     97     57      0      0      0      0  16202     16      0 
 20260725    16:25:03       0     58     15      0      0      0      0  16206     16      0 
 20260725    16:25:04       0     97     53      0      0      0      0  16204     16      0 
 20260725    16:25:05       0    100     64      0      0      0      0  15242     16      0 
 20260725    16:25:06       0     97     57      0      0      0      0  16204     16      0 
 20260725    16:25:07       0     96     63      0      0      0      0  16204     16      0 
 20260725    16:25:08       0     95     48      0      0      0      0  16200     16      0 
 20260725    16:25:09       0     98     61      0      0      0      0  16206     16      0 
 20260725    16:25:10       0    100     65      0      0      0      0  16196     16      0 
 20260725    16:25:11       0    100     65      0      0      0      0  16200     16      0 
 20260725    16:25:12       0     99     60      0      0      0      0  16204     16      0 
 20260725    16:25:13       0     93     51      0      0      0      0  16204     16      0 
 20260725    16:25:14       0     97     60      0      0      0      0  16200     16      0 
 20260725    16:25:15       0     70     40      0      0      0      0  16202     16      0 
 20260725    16:25:16       0     99     64      0      0      0      0  16196     16      0 
 20260725    16:25:17       0     99     62      0      0      0      0  16204     16      0 
 20260725    16:25:18       0     94     62      0      0      0      0  16204     16      0 
 20260725    16:25:19       0     97     64      0      0      0      0  16200     16      0 
 20260725    16:25:20       0     99     63      0      0      0      0  16198     16      0 
 20260725    16:25:21       0     98     59      0      0      0      0  16204     16      0 
 20260725    16:25:22       0     99     61      0      0      0      0  16200     16      0 
 20260725    16:25:23       0     96     47      0      0      0      0  16204     16      0 
 20260725    16:25:24       0     96     61      0      0      0      0  15400     16      0 
 20260725    16:25:25       0     99     62      0      0      0      0  16198     16      0 
 20260725    16:25:26       0     98     58      0      0      0      0  16200     16      0 
 20260725    16:25:27       0     98     57      0      0      0      0  16204     16      0 
 20260725    16:25:28       0     93     52      0      0      0      0  16204     16      0 
 20260725    16:25:29       0     99     64      0      0      0      0  15250     16      0 
 20260725    16:25:30       0    100     65      0      0      0      0  14624     16      0 
 20260725    16:25:31       0     99     60      0      0      0      0  16204     16      0 
 20260725    16:25:32       0     99     65      0      0      0      0  16196     16      0 
 20260725    16:25:33       0     98     60      0      0      0      0  16200     16      0 
 20260725    16:25:34       0     98     62      0      0      0      0  16204     16      0 
#Date        Time         gpu     sm    mem    enc    dec    jpg    ofa     fb   bar1   ccpm 
#YYYYMMDD    HH:MM:SS     Idx      %      %      %      %      %      %     MB     MB     MB 
 20260725    16:25:35       0     95     49      0      0      0      0  16204     16      0 
 20260725    16:25:36       0     99     64      0      0      0      0  14618     16      0 
 20260725    16:25:37       0     98     56      0      0      0      0  16204     16      0 
 20260725    16:25:38       0     99     63      0      0      0      0  16204     16      0 
 20260725    16:25:39       0     95     50      0      0      0      0  14770     16      0 
 20260725    16:25:40       0     94     56      0      0      0      0  14618     16      0 
 20260725    16:25:41       0     99     62      0      0      0      0  14622     16      0 
 20260725    16:25:42       0     96     50      0      0      0      0  16198     16      0 
 20260725    16:25:43       0     98     56      0      0      0      0  16200     16      0 
 20260725    16:25:44       0     99     62      0      0      0      0  14622     16      0 
 20260725    16:25:45       0     99     64      0      0      0      0  16204     16      0 
 20260725    16:25:46       0     94     39      0      0      0      0  16202     16      0 
 20260725    16:25:47       0     97     58      0      0      0      0  14610     16      0 
 20260725    16:25:48       0     99     62      0      0      0      0  16204     16      0 
 20260725    16:25:49       0     99     60      0      0      0      0  13048     16      0 
 20260725    16:25:50       0     96     53      0      0      0      0  16206     16      0 
 20260725    16:25:51       0     98     57      0      0      0      0  14626     16      0 
 20260725    16:25:52       0     99     62      0      0      0      0  16200     16      0 
 20260725    16:25:53       0     98     59      0      0      0      0  16196     16      0 
 20260725    16:25:54       0     98     64      0      0      0      0  16200     16      0 
 20260725    16:25:55       0     99     66      0      0      0      0  16206     16      0 
 20260725    16:25:56       0     96     55      0      0      0      0  16204     16      0 
 20260725    16:25:57       0     82     48      0      0      0      0  16188     16      0 
 20260725    16:25:58       0     99     61      0      0      0      0  16204     16      0 
 20260725    16:25:59       0     99     64      0      0      0      0  16192     16      0 
 20260725    16:26:00       0     98     71      0      0      0      0  16192     16      0 
 20260725    16:26:01       0    100     64      0      0      0      0  16204     16      0 
 20260725    16:26:02       0     99     63      0      0      0      0  14622     16      0 
 20260725    16:26:03       0     98     54      0      0      0      0  15246     16      0 
 20260725    16:26:04       0     99     58      0      0      0      0  16204     16      0 
 20260725    16:26:05       0     94     47      0      0      0      0  16204     16      0 
 20260725    16:26:06       0     78     36      0      0      0      0  16200     16      0 
 20260725    16:26:07       0     80     49      0      0      0      0  16200     16      0 
 20260725    16:26:08       0    100     64      0      0      0      0  16206     16      0 
 20260725    16:26:09       0     97     54      0      0      0      0  16204     16      0 
 20260725    16:26:10       0     93     38      0      0      0      0  14610     16      0 
 20260725    16:26:11       0     98     55      0      0      0      0  16204     16      0 
 20260725    16:26:12       0     98     59      0      0      0      0  16204     16      0 
 20260725    16:26:13       0    100     64      0      0      0      0  16200     16      0 
 20260725    16:26:14       0     95     43      0      0      0      0  16200     16      0 
 20260725    16:26:15       0     97     56      0      0      0      0  16206     16      0 
 20260725    16:26:16       0     99     68      0      0      0      0  16204     16      0 
 20260725    16:26:17       0     98     63      0      0      0      0  16204     16      0 
 20260725    16:26:18       0     95     40      0      0      0      0  16202     16      0 
#Date        Time         gpu     sm    mem    enc    dec    jpg    ofa     fb   bar1   ccpm 
#YYYYMMDD    HH:MM:SS     Idx      %      %      %      %      %      %     MB     MB     MB 
 20260725    16:26:20       0    100     63      0      0      0      0  16200     16      0 
 20260725    16:26:21       0     99     62      0      0      0      0  16204     16      0 
 20260725    16:26:22       0     98     59      0      0      0      0  16206     16      0 
 20260725    16:26:23       0     94     51      0      0      0      0  14288     16      0 
 20260725    16:26:24       0     98     59      0      0      0      0  16202     16      0 
 20260725    16:26:25       0     99     62      0      0      0      0  16204     16      0 
 20260725    16:26:26       0     99     65      0      0      0      0  16204     16      0 
 20260725    16:26:27       0     98     55      0      0      0      0  16206     16      0 
 20260725    16:26:28       0     94     52      0      0      0      0  16204     16      0 
 20260725    16:26:29       0     93     46      0      0      0      0  16196     16      0 
 20260725    16:26:30       0     99     63      0      0      0      0  16204     16      0 
 20260725    16:26:31       0    100     64      0      0      0      0  16200     16      0 
 20260725    16:26:32       0     99     63      0      0      0      0  14626     16      0 
 20260725    16:26:33       0     96     50      0      0      0      0  16192     16      0 
 20260725    16:26:34       0     97     69      0      0      0      0  14624     16      0 
 20260725    16:26:35       0     99     62      0      0      0      0  16204     16      0 
 20260725    16:26:36       0     94     55      0      0      0      0  14618     16      0 
 20260725    16:26:37       0     97     52      0      0      0      0  16200     16      0 
 20260725    16:26:38       0    100     66      0      0      0      0  14626     16      0 
 20260725    16:26:39       0     99     67      0      0      0      0  16198     16      0 
 20260725    16:26:40       0     56      9      0      0      0      0  16204     16      0 
 20260725    16:26:41       0    100     63      0      0      0      0  16204     16      0 
 20260725    16:26:42       0     99     62      0      0      0      0  14916     16      0 
 20260725    16:26:43       0     68     41      0      0      0      0  14622     16      0 
 20260725    16:26:44       0     78     35      0      0      0      0  16204     16      0 
 20260725    16:26:45       0     99     62      0      0      0      0  14628     16      0 
 20260725    16:26:46       0     97     51      0      0      0      0   5620     14      0 
 20260725    16:26:47       0      2      1      0      0      0      0     44      4      0 
 20260725    16:26:48       0      0      0      0      0      0      0     44      4      0 
 20260725    16:26:49       0      0      0      0      0      0      0     44      4      0 
 20260725    16:26:50       0      0      0      0      0      0      0     44      4      0 
 20260725    16:26:51       0      0      0      0      0      0      0     44      4      0 
 20260725    16:26:52       0      0      0      0      0      0      0     44      4      0 
