#Date        Time         gpu     sm    mem    enc    dec    jpg    ofa     fb   bar1   ccpm 
#YYYYMMDD    HH:MM:SS     Idx      %      %      %      %      %      %     MB     MB     MB 
 20260725    16:22:49       0      0      0      0      0      0      0     44      4      0 
 20260725    16:22:50       0      0      0      0      0      0      0     44      4      0 
 20260725    16:22:51       0      0      0      0      0      0      0     44      4      0 
 20260725    16:22:52       0     99      0      0      0      0      0   3604     16      0 
 20260725    16:22:53       0      0      0      0      0      0      0   7502     16      0 
 20260725    16:22:54       0     70     13      0      0      0      0   8760     16      0 
 20260725    16:22:55       0     96     60      0      0      0      0  25994     16      0 
 20260725    16:22:56       0    100     64      0      0      0      0  14464     16      0 
 20260725    16:22:57       0    100     47      0      0      0      0  11928     16      0 
 20260725    16:22:58       0     47     20      0      0      0      0  13054     16      0 
 20260725    16:22:59       0     96     58      0      0      0      0  16208     16      0 
 20260725    16:23:00       0     96     53      0      0      0      0  16196     16      0 
 20260725    16:23:01       0     98     50      0      0      0      0  16198     16      0 
 20260725    16:23:02       0     98     63      0      0      0      0  16196     16      0 
 20260725    16:23:03       0     60     31      0      0      0      0  16204     16      0 
 20260725    16:23:04       0     90     46      0      0      0      0  16204     16      0 
 20260725    16:23:05       0     98     60      0      0      0      0  16200     16      0 
 20260725    16:23:06       0     99     62      0      0      0      0  16200     16      0 
 20260725    16:23:07       0     90     43      0      0      0      0  16200     16      0 
 20260725    16:23:08       0     96     51      0      0      0      0  16204     16      0 
 20260725    16:23:09       0     99     63      0      0      0      0  16204     16      0 
 20260725    16:23:10       0     99     63      0      0      0      0  14660     16      0 
 20260725    16:23:11       0    100     66      0      0      0      0  16204     16      0 
 20260725    16:23:12       0     55      8      0      0      0      0  16206     16      0 
 20260725    16:23:13       0     92     52      0      0      0      0  16204     16      0 
 20260725    16:23:14       0     99     63      0      0      0      0  16200     16      0 
 20260725    16:23:15       0     99     63      0      0      0      0  16192     16      0 
 20260725    16:23:16       0     97     63      0      0      0      0  16200     16      0 
 20260725    16:23:17       0     79     48      0      0      0      0  16204     16      0 
 20260725    16:23:18       0     98     56      0      0      0      0  16192     16      0 
 20260725    16:23:19       0     99     65      0      0      0      0  16200     16      0 
 20260725    16:23:20       0     98     57      0      0      0      0  16202     16      0 
 20260725    16:23:21       0     97     64      0      0      0      0  16200     16      0 
 20260725    16:23:22       0     97     65      0      0      0      0  16208     16      0 
 20260725    16:23:23       0     98     59      0      0      0      0  16200     16      0 
 20260725    16:23:24       0     98     57      0      0      0      0  16200     16      0 
 20260725    16:23:25       0     95     51      0      0      0      0  16200     16      0 
 20260725    16:23:26       0     95     62      0      0      0      0  16200     16      0 
 20260725    16:23:27       0     94     48      0      0      0      0  14626     16      0 
 20260725    16:23:28       0     87     54      0      0      0      0  16192     16      0 
 20260725    16:23:29       0     99     64      0      0      0      0  16204     16      0 
 20260725    16:23:30       0     97     50      0      0      0      0  16202     16      0 
 20260725    16:23:31       0     97     68      0      0      0      0  14626     16      0 
 20260725    16:23:32       0     56     18      0      0      0      0  14626     16      0 
#Date        Time         gpu     sm    mem    enc    dec    jpg    ofa     fb   bar1   ccpm 
#YYYYMMDD    HH:MM:SS     Idx      %      %      %      %      %      %     MB     MB     MB 
 20260725    16:23:33       0     61     38      0      0      0      0  12142     16      0 
 20260725    16:23:34       0     88     47      0      0      0      0  16206     16      0 
 20260725    16:23:35       0     98     58      0      0      0      0  16200     16      0 
 20260725    16:23:36       0     99     62      0      0      0      0  16200     16      0 
 20260725    16:23:37       0     97     50      0      0      0      0  16204     16      0 
 20260725    16:23:38       0     84     45      0      0      0      0  14618     16      0 
 20260725    16:23:39       0     99     64      0      0      0      0  16206     16      0 
 20260725    16:23:40       0     75     26      0      0      0      0  16198     16      0 
 20260725    16:23:41       0    100     63      0      0      0      0  16196     16      0 
 20260725    16:23:42       0     98     60      0      0      0      0  14626     16      0 
 20260725    16:23:43       0     98     59      0      0      0      0  14626     16      0 
 20260725    16:23:44       0     95     43      0      0      0      0  16188     16      0 
 20260725    16:23:45       0    100     66      0      0      0      0  16204     16      0 
 20260725    16:23:46       0     98     57      0      0      0      0  16204     16      0 
 20260725    16:23:47       0     93     58      0      0      0      0  16200     16      0 
 20260725    16:23:48       0     74     36      0      0      0      0  14622     16      0 
 20260725    16:23:49       0    100     66      0      0      0      0  16204     16      0 
 20260725    16:23:50       0     97     56      0      0      0      0  15248     16      0 
 20260725    16:23:51       0     98     69      0      0      0      0  13044     16      0 
 20260725    16:23:52       0     97     57      0      0      0      0  16204     16      0 
 20260725    16:23:53       0     96     53      0      0      0      0  16206     16      0 
 20260725    16:23:54       0     80     40      0      0      0      0  16204     16      0 
 20260725    16:23:55       0     90     51      0      0      0      0  16192     16      0 
 20260725    16:23:56       0     99     63      0      0      0      0  14622     16      0 
 20260725    16:23:57       0     98     60      0      0      0      0  16200     16      0 
 20260725    16:23:58       0     96     66      0      0      0      0  16192     16      0 
 20260725    16:23:59       0    100     65      0      0      0      0  16204     16      0 
 20260725    16:24:00       0    100     65      0      0      0      0  14622     16      0 
 20260725    16:24:01       0     75     44      0      0      0      0  14618     16      0 
 20260725    16:24:02       0     99     63      0      0      0      0  16200     16      0 
 20260725    16:24:03       0    100     65      0      0      0      0  16204     16      0 
 20260725    16:24:04       0     98     56      0      0      0      0  16198     16      0 
 20260725    16:24:05       0     63      8      0      0      0      0  16196     16      0 
 20260725    16:24:07       0    100     64      0      0      0      0  16204     16      0 
 20260725    16:24:08       0     99     60      0      0      0      0  15176     16      0 
 20260725    16:24:09       0     97     53      0      0      0      0  16196     16      0 
 20260725    16:24:10       0     82     53      0      0      0      0  16204     16      0 
 20260725    16:24:11       0    100     66      0      0      0      0  16204     16      0 
 20260725    16:24:12       0     98     58      0      0      0      0  16200     16      0 
 20260725    16:24:13       0     63     28      0      0      0      0  16206     16      0 
 20260725    16:24:14       0     95     54      0      0      0      0  16188     16      0 
 20260725    16:24:15       0     64     41      0      0      0      0  16200     16      0 
 20260725    16:24:16       0     99     64      0      0      0      0  16200     16      0 
 20260725    16:24:17       0     96     52      0      0      0      0  14814     16      0 
#Date        Time         gpu     sm    mem    enc    dec    jpg    ofa     fb   bar1   ccpm 
#YYYYMMDD    HH:MM:SS     Idx      %      %      %      %      %      %     MB     MB     MB 
 20260725    16:24:18       0     95     53      0      0      0      0  16206     16      0 
 20260725    16:24:19       0     97     52      0      0      0      0  16204     16      0 
 20260725    16:24:20       0     98     67      0      0      0      0  16192     16      0 
 20260725    16:24:21       0     90     51      0      0      0      0  16204     16      0 
 20260725    16:24:22       0     98     58      0      0      0      0  16204     16      0 
 20260725    16:24:23       0     99     60      0      0      0      0  16192     16      0 
 20260725    16:24:24       0     64     40      0      0      0      0  16206     16      0 
 20260725    16:24:25       0     98     57      0      0      0      0  16204     16      0 
 20260725    16:24:26       0     96     49      0      0      0      0  16200     16      0 
 20260725    16:24:27       0     94     40      0      0      0      0  16200     16      0 
 20260725    16:24:28       0     92     62      0      0      0      0  14620     16      0 
 20260725    16:24:29       0     97     55      0      0      0      0  16204     16      0 
 20260725    16:24:30       0     99     64      0      0      0      0  16204     16      0 
 20260725    16:24:31       0     97     52      0      0      0      0  16200     16      0 
 20260725    16:24:32       0     98     64      0      0      0      0  16198     16      0 
 20260725    16:24:33       0     75     35      0      0      0      0  14626     16      0 
 20260725    16:24:34       0     90     54      0      0      0      0  16198     16      0 
 20260725    16:24:35       0     77     45      0      0      0      0  14626     16      0 
 20260725    16:24:36       0    100     65      0      0      0      0  16204     16      0 
 20260725    16:24:37       0     95     44      0      0      0      0  16190     16      0 
 20260725    16:24:38       0     99     65      0      0      0      0  16200     16      0 
 20260725    16:24:39       0    100     65      0      0      0      0  16204     16      0 
 20260725    16:24:40       0     93     43      0      0      0      0  14614     16      0 
 20260725    16:24:41       0     89     46      0      0      0      0  16200     16      0 
 20260725    16:24:42       0     99     60      0      0      0      0  16204     16      0 
 20260725    16:24:43       0     89     46      0      0      0      0   8316     16      0 
 20260725    16:24:44       0      2      1      0      0      0      0   4505     12      0 
 20260725    16:24:45       0      0      0      0      0      0      0     44      4      0 
 20260725    16:24:46       0      0      0      0      0      0      0     44      4      0 
 20260725    16:24:47       0      0      0      0      0      0      0     44      4      0 
 20260725    16:24:48       0      0      0      0      0      0      0     44      4      0 
 20260725    16:24:49       0      0      0      0      0      0      0     44      4      0 
 20260725    16:24:50       0      0      0      0      0      0      0     41      3      0 
