#Date        Time         gpu     sm    mem    enc    dec    jpg    ofa     fb   bar1   ccpm 
#YYYYMMDD    HH:MM:SS     Idx      %      %      %      %      %      %     MB     MB     MB 
 20260725    16:07:00       0      0      0      0      0      0      0     44      4      0 
 20260725    16:07:01       0      0      0      0      0      0      0     44      4      0 
 20260725    16:07:02       0      0      0      0      0      0      0     44      4      0 
 20260725    16:07:03       0     99      1      0      0      0      0   3604     16      0 
 20260725    16:07:04       0     16      1      0      0      0      0   6412     16      0 
 20260725    16:07:05       0     43     13      0      0      0      0   7214     16      0 
 20260725    16:07:06       0     85     46      0      0      0      0   7538     16      0 
 20260725    16:07:07       0    100     68      0      0      0      0  15550     16      0 
 20260725    16:07:08       0     81     45      0      0      0      0  12958     16      0 
 20260725    16:07:09       0     76     41      0      0      0      0  15958     16      0 
 20260725    16:07:10       0     97     53      0      0      0      0  16208     16      0 
 20260725    16:07:11       0     99     64      0      0      0      0  16200     16      0 
 20260725    16:07:12       0     95     42      0      0      0      0  16192     16      0 
 20260725    16:07:13       0     96     62      0      0      0      0  16204     16      0 
 20260725    16:07:14       0     83     43      0      0      0      0  16194     16      0 
 20260725    16:07:15       0     98     64      0      0      0      0  16204     16      0 
 20260725    16:07:16       0     99     64      0      0      0      0  16204     16      0 
 20260725    16:07:17       0     98     62      0      0      0      0  16202     16      0 
 20260725    16:07:18       0     98     65      0      0      0      0  16204     16      0 
 20260725    16:07:19       0     98     60      0      0      0      0  16204     16      0 
 20260725    16:07:20       0    100     65      0      0      0      0  16204     16      0 
 20260725    16:07:21       0     99     64      0      0      0      0  16204     16      0 
 20260725    16:07:22       0     73     43      0      0      0      0  16204     16      0 
 20260725    16:07:23       0    100     64      0      0      0      0  16202     16      0 
 20260725    16:07:24       0     97     58      0      0      0      0  16200     16      0 
 20260725    16:07:25       0    100     65      0      0      0      0  13668     16      0 
 20260725    16:07:26       0    100     66      0      0      0      0  16196     16      0 
 20260725    16:07:27       0     73     26      0      0      0      0  16196     16      0 
 20260725    16:07:28       0     96     63      0      0      0      0  16206     16      0 
 20260725    16:07:29       0     99     64      0      0      0      0  16204     16      0 
 20260725    16:07:30       0     98     59      0      0      0      0  15242     16      0 
 20260725    16:07:31       0    100     65      0      0      0      0  16200     16      0 
 20260725    16:07:32       0     85     43      0      0      0      0  16204     16      0 
 20260725    16:07:33       0     91     65      0      0      0      0  16202     16      0 
 20260725    16:07:34       0     99     62      0      0      0      0  16206     16      0 
 20260725    16:07:35       0     98     61      0      0      0      0  16200     16      0 
 20260725    16:07:36       0     97     60      0      0      0      0  16196     16      0 
 20260725    16:07:37       0     87     48      0      0      0      0  16204     16      0 
 20260725    16:07:38       0     99     67      0      0      0      0  16204     16      0 
 20260725    16:07:39       0    100     65      0      0      0      0  16202     16      0 
 20260725    16:07:40       0     98     60      0      0      0      0  14626     16      0 
 20260725    16:07:41       0     88     33      0      0      0      0  16204     16      0 
 20260725    16:07:42       0     98     61      0      0      0      0  14626     16      0 
 20260725    16:07:43       0    100     64      0      0      0      0  16200     16      0 
#Date        Time         gpu     sm    mem    enc    dec    jpg    ofa     fb   bar1   ccpm 
#YYYYMMDD    HH:MM:SS     Idx      %      %      %      %      %      %     MB     MB     MB 
 20260725    16:07:44       0     99     61      0      0      0      0  16192     16      0 
 20260725    16:07:45       0     96     52      0      0      0      0  14622     16      0 
 20260725    16:07:46       0     99     64      0      0      0      0  16206     16      0 
 20260725    16:07:47       0     99     62      0      0      0      0  16192     16      0 
 20260725    16:07:48       0     97     46      0      0      0      0  16200     16      0 
 20260725    16:07:49       0     74     33      0      0      0      0   9892     16      0 
 20260725    16:07:50       0     90     46      0      0      0      0  16204     16      0 
 20260725    16:07:51       0     98     59      0      0      0      0  16200     16      0 
 20260725    16:07:52       0     97     57      0      0      0      0  16204     16      0 
 20260725    16:07:53       0     86     55      0      0      0      0  16204     16      0 
 20260725    16:07:54       0     98     67      0      0      0      0  13040     16      0 
 20260725    16:07:55       0     99     63      0      0      0      0  16204     16      0 
 20260725    16:07:56       0     98     61      0      0      0      0  16200     16      0 
 20260725    16:07:57       0     98     63      0      0      0      0  16200     16      0 
 20260725    16:07:58       0     98     56      0      0      0      0  13674     16      0 
 20260725    16:07:59       0    100     65      0      0      0      0  16204     16      0 
 20260725    16:08:00       0     67     19      0      0      0      0  16204     16      0 
 20260725    16:08:01       0     80     50      0      0      0      0  16206     16      0 
 20260725    16:08:02       0     98     60      0      0      0      0  13048     16      0 
 20260725    16:08:03       0     99     64      0      0      0      0  14618     16      0 
 20260725    16:08:04       0    100     63      0      0      0      0  16202     16      0 
 20260725    16:08:05       0     97     57      0      0      0      0  16204     16      0 
 20260725    16:08:06       0     96     56      0      0      0      0  16196     16      0 
 20260725    16:08:07       0     99     64      0      0      0      0  13236     16      0 
 20260725    16:08:08       0     54      8      0      0      0      0  14618     16      0 
 20260725    16:08:09       0    100     66      0      0      0      0  16192     16      0 
 20260725    16:08:10       0     99     63      0      0      0      0  16200     16      0 
 20260725    16:08:11       0     99     65      0      0      0      0  14618     16      0 
 20260725    16:08:12       0     98     62      0      0      0      0  14626     16      0 
 20260725    16:08:13       0     82     37      0      0      0      0  16200     16      0 
 20260725    16:08:14       0     99     59      0      0      0      0  16196     16      0 
 20260725    16:08:15       0     98     62      0      0      0      0  16202     16      0 
 20260725    16:08:16       0    100     65      0      0      0      0  16204     16      0 
 20260725    16:08:17       0     97     50      0      0      0      0  16202     16      0 
 20260725    16:08:18       0     96     52      0      0      0      0  16196     16      0 
 20260725    16:08:19       0     99     62      0      0      0      0  15246     16      0 
 20260725    16:08:20       0     98     66      0      0      0      0  16204     16      0 
 20260725    16:08:21       0     67     24      0      0      0      0  16204     16      0 
 20260725    16:08:22       0    100     64      0      0      0      0  16192     16      0 
 20260725    16:08:23       0     99     65      0      0      0      0  16200     16      0 
 20260725    16:08:24       0     96     44      0      0      0      0  14628     16      0 
 20260725    16:08:25       0     95     62      0      0      0      0  16200     16      0 
 20260725    16:08:26       0    100     63      0      0      0      0  16196     16      0 
 20260725    16:08:27       0     99     64      0      0      0      0  16200     16      0 
#Date        Time         gpu     sm    mem    enc    dec    jpg    ofa     fb   bar1   ccpm 
#YYYYMMDD    HH:MM:SS     Idx      %      %      %      %      %      %     MB     MB     MB 
 20260725    16:08:28       0     97     61      0      0      0      0  14628     16      0 
 20260725    16:08:29       0     31     11      0      0      0      0  14624     16      0 
 20260725    16:08:30       0    100     65      0      0      0      0  16192     16      0 
 20260725    16:08:31       0     99     60      0      0      0      0  16200     16      0 
 20260725    16:08:32       0    100     65      0      0      0      0  16204     16      0 
 20260725    16:08:33       0     98     59      0      0      0      0  16206     16      0 
 20260725    16:08:34       0     95     58      0      0      0      0  16204     16      0 
 20260725    16:08:35       0     99     64      0      0      0      0  16204     16      0 
 20260725    16:08:36       0     97     57      0      0      0      0  16200     16      0 
 20260725    16:08:37       0     99     61      0      0      0      0  16204     16      0 
 20260725    16:08:38       0     97     56      0      0      0      0  14626     16      0 
 20260725    16:08:39       0    100     65      0      0      0      0  16204     16      0 
 20260725    16:08:40       0     99     64      0      0      0      0  14626     16      0 
 20260725    16:08:41       0     95     63      0      0      0      0  15246     16      0 
 20260725    16:08:42       0     97     69      0      0      0      0  16198     16      0 
 20260725    16:08:43       0    100     64      0      0      0      0  14626     16      0 
 20260725    16:08:44       0     98     60      0      0      0      0  16196     16      0 
 20260725    16:08:45       0     99     63      0      0      0      0  16200     16      0 
 20260725    16:08:46       0     95     51      0      0      0      0  14622     16      0 
 20260725    16:08:47       0     92     48      0      0      0      0  14626     16      0 
 20260725    16:08:48       0     98     59      0      0      0      0  13044     16      0 
 20260725    16:08:49       0     96     60      0      0      0      0  16204     16      0 
 20260725    16:08:50       0    100     66      0      0      0      0  16200     16      0 
 20260725    16:08:51       0     99     60      0      0      0      0  16204     16      0 
 20260725    16:08:52       0     70     21      0      0      0      0  16200     16      0 
 20260725    16:08:53       0     98     57      0      0      0      0  13050     16      0 
 20260725    16:08:54       0     97     63      0      0      0      0   6736     16      0 
 20260725    16:08:55       0      2      1      0      0      0      0   1159      6      0 
 20260725    16:08:56       0      0      0      0      0      0      0     44      4      0 
 20260725    16:08:57       0      0      0      0      0      0      0     44      4      0 
 20260725    16:08:58       0      0      0      0      0      0      0     44      4      0 
 20260725    16:08:59       0      0      0      0      0      0      0     44      4      0 
 20260725    16:09:00       0      0      0      0      0      0      0     44      4      0 
