#Date        Time         gpu     sm    mem    enc    dec    jpg    ofa     fb   bar1   ccpm 
#YYYYMMDD    HH:MM:SS     Idx      %      %      %      %      %      %     MB     MB     MB 
 20260726    13:12:39       0      0      0      0      0      0      0     44      4      0 
 20260726    13:12:40       0      0      0      0      0      0      0     75      6      0 
 20260726    13:12:41       0      0      0      0      0      0      0   1261      6      0 
 20260726    13:12:42       0      4      0      0      0      0      0   1421      6      0 
 20260726    13:12:43       0      0      0      0      0      0      0   1421      6      0 
 20260726    13:12:44       0      0      0      0      0      0      0   1421      6      0 
 20260726    13:12:45       0      0      0      0      0      0      0   4525      6      0 
 20260726    13:12:46       0     33     20      0      0      0      0   2669      6      0 
 20260726    13:12:47       0     64     38      0      0      0      0   1071      6      0 
 20260726    13:12:48       0     68     41      0      0      0      0   1617      6      0 
 20260726    13:12:49       0     63     38      0      0      0      0   1719      6      0 
 20260726    13:12:50       0     66     40      0      0      0      0   1497      6      0 
 20260726    13:12:51       0      3      0      0      0      0      0   1757      6      0 
 20260726    13:12:52       0     64     38      0      0      0      0   2711      6      0 
 20260726    13:12:53       0     24     15      0      0      0      0   2707      6      0 
 20260726    13:12:54       0     64     38      0      0      0      0   2707      6      0 
 20260726    13:12:55       0      9      1      0      0      0      0   1679      6      0 
 20260726    13:12:56       0     62     37      0      0      0      0   2707      6      0 
 20260726    13:12:57       0     49     33      0      0      0      0   1133      6      0 
 20260726    13:12:58       0     63     38      0      0      0      0   2711      6      0 
 20260726    13:12:59       0     21     13      0      0      0      0   1133      6      0 
 20260726    13:13:00       0      0      0      0      0      0      0   2711      6      0 
 20260726    13:13:01       0     24     14      0      0      0      0   2711      6      0 
 20260726    13:13:02       0      0      0      0      0      0      0   1133      6      0 
 20260726    13:13:03       0     36     22      0      0      0      0   2711      6      0 
 20260726    13:13:04       0     12      0      0      0      0      0   2711      6      0 
 20260726    13:13:05       0     16      7      0      0      0      0   2711      6      0 
 20260726    13:13:06       0     16      0      0      0      0      0   2711      6      0 
 20260726    13:13:07       0     24      6      0      0      0      0   2711      6      0 
 20260726    13:13:08       0     37     18      0      0      0      0   2707      6      0 
 20260726    13:13:09       0     61     40      0      0      0      0   2711      6      0 
 20260726    13:13:11       0     13      0      0      0      0      0   2711      6      0 
 20260726    13:13:12       0     27     14      0      0      0      0   2711      6      0 
 20260726    13:13:13       0     22     11      0      0      0      0   2659      6      0 
 20260726    13:13:14       0     51     30      0      0      0      0   2711      6      0 
 20260726    13:13:15       0     82     54      0      0      0      0   2711      6      0 
 20260726    13:13:16       0     49     31      0      0      0      0   2713      6      0 
 20260726    13:13:17       0     21     13      0      0      0      0   1133      6      0 
 20260726    13:13:18       0     19     11      0      0      0      0   1133      6      0 
 20260726    13:13:19       0     50     30      0      0      0      0   2711      6      0 
 20260726    13:13:20       0     41     20      0      0      0      0   2711      6      0 
 20260726    13:13:21       0     30     11      0      0      0      0   2707      6      0 
 20260726    13:13:22       0     18     11      0      0      0      0   1181      6      0 
 20260726    13:13:23       0     51     31      0      0      0      0   2711      6      0 
#Date        Time         gpu     sm    mem    enc    dec    jpg    ofa     fb   bar1   ccpm 
#YYYYMMDD    HH:MM:SS     Idx      %      %      %      %      %      %     MB     MB     MB 
 20260726    13:13:24       0     83     54      0      0      0      0   2707      6      0 
 20260726    13:13:25       0     59     39      0      0      0      0   1133      6      0 
 20260726    13:13:26       0     18     11      0      0      0      0   2711      6      0 
 20260726    13:13:27       0     41     20      0      0      0      0   2711      6      0 
 20260726    13:13:28       0      8      0      0      0      0      0   2711      6      0 
 20260726    13:13:29       0     65     43      0      0      0      0   2711      6      0 
 20260726    13:13:30       0     83     54      0      0      0      0   2711      6      0 
 20260726    13:13:31       0     83     54      0      0      0      0   2711      6      0 
 20260726    13:13:32       0     80     53      0      0      0      0   2713      6      0 
 20260726    13:13:33       0     32     15      0      0      0      0   2711      6      0 
 20260726    13:13:34       0     30     12      0      0      0      0   1757      6      0 
 20260726    13:13:35       0     26     11      0      0      0      0   2707      6      0 
 20260726    13:13:36       0     62     37      0      0      0      0   1133      6      0 
 20260726    13:13:37       0     24     15      0      0      0      0   2711      6      0 
 20260726    13:13:38       0      8      5      0      0      0      0   2711      6      0 
 20260726    13:13:39       0     20     12      0      0      0      0   2711      6      0 
 20260726    13:13:40       0     31     20      0      0      0      0   2707      6      0 
 20260726    13:13:41       0     21     13      0      0      0      0   2711      6      0 
 20260726    13:13:42       0      0      0      0      0      0      0   1133      6      0 
 20260726    13:13:43       0     83     54      0      0      0      0   2711      6      0 
 20260726    13:13:44       0     83     54      0      0      0      0   2711      6      0 
 20260726    13:13:45       0     83     54      0      0      0      0   2711      6      0 
 20260726    13:13:46       0     80     52      0      0      0      0   2711      6      0 
 20260726    13:13:47       0     75     50      0      0      0      0   2711      6      0 
 20260726    13:13:48       0     46     29      0      0      0      0   2711      6      0 
 20260726    13:13:49       0     21     13      0      0      0      0   2711      6      0 
 20260726    13:13:50       0     53     32      0      0      0      0   2707      6      0 
 20260726    13:13:51       0     56     36      0      0      0      0   2711      6      0 
 20260726    13:13:52       0      0      0      0      0      0      0   1133      6      0 
 20260726    13:13:53       0     74     48      0      0      0      0   2711      6      0 
 20260726    13:13:54       0     58     39      0      0      0      0   2711      6      0 
 20260726    13:13:55       0     72     48      0      0      0      0   2711      6      0 
 20260726    13:13:56       0     19      5      0      0      0      0   2707      6      0 
 20260726    13:13:57       0     14      9      0      0      0      0   2711      6      0 
 20260726    13:13:58       0     24     15      0      0      0      0   1133      6      0 
 20260726    13:13:59       0     83     54      0      0      0      0   1133      6      0 
 20260726    13:14:00       0     64     42      0      0      0      0   2711      6      0 
 20260726    13:14:01       0     18      1      0      0      0      0   2707      6      0 
 20260726    13:14:02       0     23      1      0      0      0      0   2711      6      0 
 20260726    13:14:03       0     21     13      0      0      0      0   2711      6      0 
 20260726    13:14:04       0     44     29      0      0      0      0   2711      6      0 
 20260726    13:14:05       0     54     36      0      0      0      0   2711      6      0 
 20260726    13:14:06       0     83     54      0      0      0      0   2713      6      0 
 20260726    13:14:07       0     53     33      0      0      0      0   1133      6      0 
#Date        Time         gpu     sm    mem    enc    dec    jpg    ofa     fb   bar1   ccpm 
#YYYYMMDD    HH:MM:SS     Idx      %      %      %      %      %      %     MB     MB     MB 
 20260726    13:14:08       0     60     39      0      0      0      0   2711      6      0 
 20260726    13:14:09       0     15      0      0      0      0      0   2711      6      0 
 20260726    13:14:10       0     10      0      0      0      0      0   2711      6      0 
 20260726    13:14:11       0     15      2      0      0      0      0   2711      6      0 
 20260726    13:14:12       0     18      0      0      0      0      0   2711      6      0 
 20260726    13:14:13       0     21     13      0      0      0      0   2711      6      0 
 20260726    13:14:14       0      3      2      0      0      0      0   2713      6      0 
 20260726    13:14:15       0     71     47      0      0      0      0   2711      6      0 
 20260726    13:14:16       0     53     32      0      0      0      0   2707      6      0 
 20260726    13:14:17       0     44     28      0      0      0      0   2711      6      0 
 20260726    13:14:18       0     19      2      0      0      0      0   2711      6      0 
 20260726    13:14:19       0     11      0      0      0      0      0   2713      6      0 
 20260726    13:14:20       0     18     11      0      0      0      0   2711      6      0 
 20260726    13:14:21       0     47     30      0      0      0      0   2707      6      0 
 20260726    13:14:22       0     37     24      0      0      0      0   2711      6      0 
 20260726    13:14:23       0     12      7      0      0      0      0   2711      6      0 
 20260726    13:14:24       0     18     11      0      0      0      0   2711      6      0 
 20260726    13:14:25       0     80     53      0      0      0      0   2707      6      0 
 20260726    13:14:26       0     12      7      0      0      0      0   2711      6      0 
 20260726    13:14:27       0     42     25      0      0      0      0   2711      6      0 
 20260726    13:14:28       0     16      0      0      0      0      0   2711      6      0 
 20260726    13:14:29       0     21     13      0      0      0      0   2711      6      0 
 20260726    13:14:30       0      0      0      0      0      0      0   2707      6      0 
 20260726    13:14:31       0     10      2      0      0      0      0   2711      6      0 
 20260726    13:14:32       0     28     14      0      0      0      0   2711      6      0 
 20260726    13:14:33       0     11      2      0      0      0      0   2711      6      0 
 20260726    13:14:34       0     13      2      0      0      0      0   2711      6      0 
 20260726    13:14:35       0      0      0      0      0      0      0   1133      6      0 
 20260726    13:14:36       0     30     13      0      0      0      0   2711      6      0 
 20260726    13:14:37       0     46     30      0      0      0      0   2711      6      0 
 20260726    13:14:38       0     51     31      0      0      0      0   2711      6      0 
 20260726    13:14:39       0     39     23      0      0      0      0   2711      6      0 
 20260726    13:14:40       0      0      0      0      0      0      0   2707      6      0 
 20260726    13:14:41       0     18     11      0      0      0      0   2711      6      0 
 20260726    13:14:42       0      8      4      0      0      0      0   2711      6      0 
 20260726    13:14:43       0     29     25      0      0      0      0   2707      6      0 
 20260726    13:14:44       0     11      2      0      0      0      0   2711      6      0 
 20260726    13:14:45       0     34     20      0      0      0      0   2711      6      0 
 20260726    13:14:46       0     74     49      0      0      0      0   1133      6      0 
 20260726    13:14:47       0     23     10      0      0      0      0   2713      6      0 
 20260726    13:14:48       0     18     12      0      0      0      0   1133      6      0 
 20260726    13:14:49       0      9      3      0      0      0      0   2707      6      0 
 20260726    13:14:50       0      3      2      0      0      0      0   1133      6      0 
 20260726    13:14:51       0      0      0      0      0      0      0   1133      6      0 
#Date        Time         gpu     sm    mem    enc    dec    jpg    ofa     fb   bar1   ccpm 
#YYYYMMDD    HH:MM:SS     Idx      %      %      %      %      %      %     MB     MB     MB 
 20260726    13:14:52       0      0      0      0      0      0      0   1133      6      0 
 20260726    13:14:53       0      0      0      0      0      0      0   1133      6      0 
 20260726    13:14:54       0      0      0      0      0      0      0   1133      6      0 
