#Date        Time         gpu     sm    mem    enc    dec    jpg    ofa     fb   bar1   ccpm 
#YYYYMMDD    HH:MM:SS     Idx      %      %      %      %      %      %     MB     MB     MB 
 20260726    13:09:15       0      0      0      0      0      0      0     44      4      0 
 20260726    13:09:16       0      0      0      0      0      0      0     44      4      0 
 20260726    13:09:17       0      0      0      0      0      0      0     44      4      0 
 20260726    13:09:18       0      0      0      0      0      0      0   2417     12      0 
 20260726    13:09:19       0      0      0      0      0      0      0   4913     12      0 
 20260726    13:09:20       0     39     23      0      0      0      0   8307     12      0 
 20260726    13:09:21       0     97     68      0      0      0      0   7487     12      0 
 20260726    13:09:22       0     93     61      0      0      0      0  10545     12      0 
 20260726    13:09:23       0     96     63      0      0      0      0  10545     12      0 
 20260726    13:09:24       0     96     62      0      0      0      0   5947     12      0 
 20260726    13:09:25       0     97     62      0      0      0      0   7627     12      0 
 20260726    13:09:26       0     99     65      0      0      0      0   7881     12      0 
 20260726    13:09:27       0     80     52      0      0      0      0   9127     12      0 
 20260726    13:09:28       0    100     66      0      0      0      0  10715     12      0 
 20260726    13:09:29       0     43     28      0      0      0      0   9127     12      0 
 20260726    13:09:30       0     34      8      0      0      0      0  10713     12      0 
 20260726    13:09:31       0     98     63      0      0      0      0   9751     12      0 
 20260726    13:09:32       0     95     53      0      0      0      0  10715     12      0 
 20260726    13:09:33       0     11      0      0      0      0      0   9131     12      0 
 20260726    13:09:34       0     98     56      0      0      0      0  10713     12      0 
 20260726    13:09:35       0     82     35      0      0      0      0   8181     12      0 
 20260726    13:09:36       0    100     65      0      0      0      0  10713     12      0 
 20260726    13:09:37       0     41     25      0      0      0      0   7553     12      0 
 20260726    13:09:38       0    100     64      0      0      0      0  10713     12      0 
 20260726    13:09:39       0     84     52      0      0      0      0   7557     12      0 
 20260726    13:09:40       0     72     32      0      0      0      0  10705     12      0 
 20260726    13:09:41       0     95     74      0      0      0      0  10715     12      0 
 20260726    13:09:42       0     98     60      0      0      0      0  10713     12      0 
 20260726    13:09:43       0     17      2      0      0      0      0   5975     12      0 
 20260726    13:09:44       0     96     69      0      0      0      0   9135     12      0 
 20260726    13:09:45       0     99     64      0      0      0      0  10715     12      0 
 20260726    13:09:46       0     19     12      0      0      0      0   4401     12      0 
 20260726    13:09:47       0     91     63      0      0      0      0  10713     12      0 
 20260726    13:09:48       0    100     66      0      0      0      0  10713     12      0 
 20260726    13:09:49       0     64     39      0      0      0      0   9131     12      0 
 20260726    13:09:50       0     75     47      0      0      0      0  10713     12      0 
 20260726    13:09:51       0     86     55      0      0      0      0  10713     12      0 
 20260726    13:09:52       0    100     64      0      0      0      0   9673     12      0 
 20260726    13:09:53       0     65     40      0      0      0      0   7553     12      0 
 20260726    13:09:54       0     87     42      0      0      0      0  10713     12      0 
 20260726    13:09:55       0     98     65      0      0      0      0  10713     12      0 
 20260726    13:09:56       0     94     54      0      0      0      0   9133     12      0 
 20260726    13:09:57       0     99     65      0      0      0      0  10713     12      0 
 20260726    13:09:58       0     98     59      0      0      0      0  10709     12      0 
#Date        Time         gpu     sm    mem    enc    dec    jpg    ofa     fb   bar1   ccpm 
#YYYYMMDD    HH:MM:SS     Idx      %      %      %      %      %      %     MB     MB     MB 
 20260726    13:09:59       0    100     65      0      0      0      0  10705     12      0 
 20260726    13:10:00       0    100     64      0      0      0      0   5979     12      0 
 20260726    13:10:01       0     66     31      0      0      0      0  10715     12      0 
 20260726    13:10:02       0     87     37      0      0      0      0  10713     12      0 
 20260726    13:10:03       0     99     65      0      0      0      0  10713     12      0 
 20260726    13:10:04       0     10      0      0      0      0      0   9139     12      0 
 20260726    13:10:05       0    100     65      0      0      0      0   9135     12      0 
 20260726    13:10:06       0     99     62      0      0      0      0  10713     12      0 
 20260726    13:10:07       0     79     48      0      0      0      0  10713     12      0 
 20260726    13:10:08       0     96     53      0      0      0      0  10713     12      0 
 20260726    13:10:09       0    100     64      0      0      0      0  10709     12      0 
 20260726    13:10:10       0     63     38      0      0      0      0   5025     12      0 
 20260726    13:10:11       0     34     21      0      0      0      0  10715     12      0 
 20260726    13:10:12       0     76     27      0      0      0      0  10705     12      0 
 20260726    13:10:13       0    100     64      0      0      0      0   8181     12      0 
 20260726    13:10:14       0     67     34      0      0      0      0  10711     12      0 
 20260726    13:10:15       0     95     51      0      0      0      0   8095     12      0 
 20260726    13:10:16       0     78     51      0      0      0      0   2222      8      0 
 20260726    13:10:17       0      2      1      0      0      0      0     44      4      0 
 20260726    13:10:18       0      0      0      0      0      0      0     44      4      0 
 20260726    13:10:19       0      0      0      0      0      0      0     44      4      0 
 20260726    13:10:20       0      0      0      0      0      0      0     44      4      0 
 20260726    13:10:21       0      0      0      0      0      0      0     44      4      0 
