#Date        Time         gpu     sm    mem    enc    dec    jpg    ofa     fb   bar1   ccpm 
#YYYYMMDD    HH:MM:SS     Idx      %      %      %      %      %      %     MB     MB     MB 
 20260726    13:16:03       0      0      0      0      0      0      0     44      4      0 
 20260726    13:16:04       0      0      0      0      0      0      0     44      4      0 
 20260726    13:16:05       0      0      0      0      0      0      0     44      4      0 
 20260726    13:16:06       0      0      0      0      0      0      0   2417     12      0 
 20260726    13:16:08       0      0      0      0      0      0      0   4913     12      0 
 20260726    13:16:09       0     12      1      0      0      0      0  14655     12      0 
 20260726    13:16:10       0     88     62      0      0      0      0  12873     12      0 
 20260726    13:16:11       0     98     59      0      0      0      0  10545     12      0 
 20260726    13:16:12       0     97     63      0      0      0      0   8645     12      0 
 20260726    13:16:13       0     98     63      0      0      0      0   8977     12      0 
 20260726    13:16:14       0     98     65      0      0      0      0   9225     12      0 
 20260726    13:16:15       0     86     48      0      0      0      0   6307     12      0 
 20260726    13:16:16       0     87     46      0      0      0      0  10705     12      0 
 20260726    13:16:17       0     86     51      0      0      0      0  10715     12      0 
 20260726    13:16:18       0     37     24      0      0      0      0   6603     12      0 
 20260726    13:16:19       0     98     62      0      0      0      0  10713     12      0 
 20260726    13:16:20       0     99     63      0      0      0      0   8651     12      0 
 20260726    13:16:21       0     99     65      0      0      0      0  10715     12      0 
 20260726    13:16:22       0     75     40      0      0      0      0   7557     12      0 
 20260726    13:16:23       0     31     20      0      0      0      0  10713     12      0 
 20260726    13:16:24       0     94     41      0      0      0      0   7557     12      0 
 20260726    13:16:25       0     18      0      0      0      0      0  10709     12      0 
 20260726    13:16:26       0     58     29      0      0      0      0   5975     12      0 
 20260726    13:16:27       0     18     11      0      0      0      0  10713     12      0 
 20260726    13:16:28       0    100     64      0      0      0      0   9135     12      0 
 20260726    13:16:29       0     71     46      0      0      0      0   7553     12      0 
 20260726    13:16:30       0     88     57      0      0      0      0  10715     12      0 
 20260726    13:16:31       0     97     54      0      0      0      0  10713     12      0 
 20260726    13:16:32       0    100     64      0      0      0      0   5835     12      0 
 20260726    13:16:33       0     58     38      0      0      0      0  10713     12      0 
 20260726    13:16:34       0     85     55      0      0      0      0  10713     12      0 
 20260726    13:16:35       0     83     54      0      0      0      0   6603     12      0 
 20260726    13:16:36       0     96     57      0      0      0      0  10713     12      0 
 20260726    13:16:37       0     46     28      0      0      0      0   9135     12      0 
 20260726    13:16:38       0     97     58      0      0      0      0   9135     12      0 
 20260726    13:16:39       0     98     62      0      0      0      0  10709     12      0 
 20260726    13:16:40       0     98     60      0      0      0      0  10705     12      0 
 20260726    13:16:41       0     97     61      0      0      0      0  10713     12      0 
 20260726    13:16:42       0     98     64      0      0      0      0   7559     12      0 
 20260726    13:16:43       0    100     64      0      0      0      0  10713     12      0 
 20260726    13:16:44       0     50      8      0      0      0      0  10713     12      0 
 20260726    13:16:45       0     45     21      0      0      0      0   9135     12      0 
 20260726    13:16:46       0     40     14      0      0      0      0  10705     12      0 
 20260726    13:16:47       0     65     25      0      0      0      0  10701     12      0 
#Date        Time         gpu     sm    mem    enc    dec    jpg    ofa     fb   bar1   ccpm 
#YYYYMMDD    HH:MM:SS     Idx      %      %      %      %      %      %     MB     MB     MB 
 20260726    13:16:48       0     97     56      0      0      0      0  10709     12      0 
 20260726    13:16:49       0     97     54      0      0      0      0   7557     12      0 
 20260726    13:16:50       0    100     67      0      0      0      0  10713     12      0 
 20260726    13:16:51       0     92     57      0      0      0      0  10715     12      0 
 20260726    13:16:52       0     98     57      0      0      0      0  10701     12      0 
 20260726    13:16:53       0     99     63      0      0      0      0  10709     12      0 
 20260726    13:16:54       0     98     73      0      0      0      0  10705     12      0 
 20260726    13:16:55       0    100     65      0      0      0      0  10713     12      0 
 20260726    13:16:56       0    100     65      0      0      0      0  10713     12      0 
 20260726    13:16:57       0     96     63      0      0      0      0  10713     12      0 
 20260726    13:16:58       0     97     64      0      0      0      0  10709     12      0 
 20260726    13:16:59       0     27     17      0      0      0      0   7549     12      0 
 20260726    13:17:00       0    100     66      0      0      0      0  10713     12      0 
 20260726    13:17:01       0     99     65      0      0      0      0  10715     12      0 
 20260726    13:17:02       0     53     22      0      0      0      0  10713     12      0 
 20260726    13:17:03       0     43     13      0      0      0      0   7557     12      0 
 20260726    13:17:04       0     93     60      0      0      0      0   5979     12      0 
 20260726    13:17:05       0      0      0      0      0      0      0   1133      6      0 
 20260726    13:17:06       0      0      0      0      0      0      0     44      4      0 
 20260726    13:17:07       0      0      0      0      0      0      0     44      4      0 
 20260726    13:17:08       0      0      0      0      0      0      0     44      4      0 
 20260726    13:17:09       0      0      0      0      0      0      0     44      4      0 
