#Date        Time         gpu     sm    mem    enc    dec    jpg    ofa     fb   bar1   ccpm 
#YYYYMMDD    HH:MM:SS     Idx      %      %      %      %      %      %     MB     MB     MB 
 20260726    13:05:49       0      0      0      0      0      0      0     44      4      0 
 20260726    13:05:50       0      0      0      0      0      0      0     44      4      0 
 20260726    13:05:51       0      5      0      0      0      0      0    637      6      0 
 20260726    13:05:52       0      0      0      0      0      0      0   1421      6      0 
 20260726    13:05:53       0      0      0      0      0      0      0   1421      6      0 
 20260726    13:05:54       0      0      0      0      0      0      0   1421      6      0 
 20260726    13:05:55       0      0      0      0      0      0      0   1303      6      0 
 20260726    13:05:56       0     35     20      0      0      0      0   1737      6      0 
 20260726    13:05:57       0     63     38      0      0      0      0   1719      6      0 
 20260726    13:05:58       0     68     41      0      0      0      0   1719      6      0 
 20260726    13:05:59       0     63     38      0      0      0      0   1361      6      0 
 20260726    13:06:00       0     62     37      0      0      0      0   2669      6      0 
 20260726    13:06:01       0      2      0      0      0      0      0   1133      6      0 
 20260726    13:06:02       0     62     37      0      0      0      0   2707      6      0 
 20260726    13:06:03       0     22     13      0      0      0      0   2707      6      0 
 20260726    13:06:04       0     61     36      0      0      0      0   2711      6      0 
 20260726    13:06:05       0     45     29      0      0      0      0   1757      6      0 
 20260726    13:06:06       0     64     38      0      0      0      0   2711      6      0 
 20260726    13:06:07       0      0      0      0      0      0      0   1133      6      0 
 20260726    13:06:08       0     65     39      0      0      0      0   2711      6      0 
 20260726    13:06:09       0     75     49      0      0      0      0   2713      6      0 
 20260726    13:06:10       0     78     51      0      0      0      0   2711      6      0 
 20260726    13:06:11       0     14     12      0      0      0      0   1133      6      0 
 20260726    13:06:12       0     25     16      0      0      0      0   2711      6      0 
 20260726    13:06:13       0     62     37      0      0      0      0   2711      6      0 
 20260726    13:06:14       0     45     30      0      0      0      0   2711      6      0 
 20260726    13:06:15       0     24     16      0      0      0      0   2711      6      0 
 20260726    13:06:16       0     24     14      0      0      0      0   2707      6      0 
 20260726    13:06:17       0     15      1      0      0      0      0   1133      6      0 
 20260726    13:06:18       0     21      6      0      0      0      0   1133      6      0 
 20260726    13:06:19       0     53     33      0      0      0      0   2711      6      0 
 20260726    13:06:20       0     14      0      0      0      0      0   2711      6      0 
 20260726    13:06:21       0     29     14      0      0      0      0   2711      6      0 
 20260726    13:06:22       0     24      9      0      0      0      0   2711      6      0 
 20260726    13:06:23       0     50     31      0      0      0      0   2707      6      0 
 20260726    13:06:24       0     51     34      0      0      0      0   2711      6      0 
 20260726    13:06:25       0     82     54      0      0      0      0   2711      6      0 
 20260726    13:06:26       0     19      6      0      0      0      0   2711      6      0 
 20260726    13:06:27       0     80     52      0      0      0      0   1133      6      0 
 20260726    13:06:28       0     53     32      0      0      0      0   2711      6      0 
 20260726    13:06:29       0     39     25      0      0      0      0   1133      6      0 
 20260726    13:06:30       0     83     54      0      0      0      0   2711      6      0 
 20260726    13:06:31       0     13      0      0      0      0      0   1133      6      0 
 20260726    13:06:32       0     51     30      0      0      0      0   2711      6      0 
#Date        Time         gpu     sm    mem    enc    dec    jpg    ofa     fb   bar1   ccpm 
#YYYYMMDD    HH:MM:SS     Idx      %      %      %      %      %      %     MB     MB     MB 
 20260726    13:06:33       0     13      8      0      0      0      0   2711      6      0 
 20260726    13:06:34       0     29     19      0      0      0      0   2711      6      0 
 20260726    13:06:35       0     41     27      0      0      0      0   2707      6      0 
 20260726    13:06:36       0     29     13      0      0      0      0   2711      6      0 
 20260726    13:06:37       0      7      0      0      0      0      0   2707      6      0 
 20260726    13:06:38       0     61     36      0      0      0      0   2711      6      0 
 20260726    13:06:39       0     57     54      0      0      0      0   1133      6      0 
 20260726    13:06:40       0     19     11      0      0      0      0   2711      6      0 
 20260726    13:06:41       0      9      5      0      0      0      0   2713      6      0 
 20260726    13:06:42       0     69     45      0      0      0      0   2707      6      0 
 20260726    13:06:43       0     37     12      0      0      0      0   2711      6      0 
 20260726    13:06:44       0      0      0      0      0      0      0   2711      6      0 
 20260726    13:06:45       0      0      0      0      0      0      0   1935      6      0 
 20260726    13:06:46       0     44     26      0      0      0      0   2711      6      0 
 20260726    13:06:47       0     83     54      0      0      0      0   2711      6      0 
 20260726    13:06:48       0     75     49      0      0      0      0   2707      6      0 
 20260726    13:06:49       0     75     49      0      0      0      0   2711      6      0 
 20260726    13:06:50       0     21     13      0      0      0      0   2711      6      0 
 20260726    13:06:51       0     16      0      0      0      0      0   2711      6      0 
 20260726    13:06:52       0     18     10      0      0      0      0   2707      6      0 
 20260726    13:06:53       0     32     18      0      0      0      0   2711      6      0 
 20260726    13:06:54       0     38     18      0      0      0      0   2711      6      0 
 20260726    13:06:55       0     56     37      0      0      0      0   2711      6      0 
 20260726    13:06:56       0     62     41      0      0      0      0   2711      6      0 
 20260726    13:06:57       0     78     51      0      0      0      0   2707      6      0 
 20260726    13:06:58       0     61     40      0      0      0      0   2711      6      0 
 20260726    13:06:59       0     44     25      0      0      0      0   1757      6      0 
 20260726    13:07:00       0     61     36      0      0      0      0   2711      6      0 
 20260726    13:07:01       0      0      0      0      0      0      0   2711      6      0 
 20260726    13:07:02       0     14      2      0      0      0      0   2711      6      0 
 20260726    13:07:03       0     24     13      0      0      0      0   2711      6      0 
 20260726    13:07:04       0     63     42      0      0      0      0   2711      6      0 
 20260726    13:07:05       0     39     19      0      0      0      0   2711      6      0 
 20260726    13:07:06       0     21     13      0      0      0      0   2707      6      0 
 20260726    13:07:07       0     76     50      0      0      0      0   2713      6      0 
 20260726    13:07:08       0     62     37      0      0      0      0   2711      6      0 
 20260726    13:07:09       0     19     11      0      0      0      0   2707      6      0 
 20260726    13:07:10       0      0      0      0      0      0      0   2711      6      0 
 20260726    13:07:11       0     28     18      0      0      0      0   2711      6      0 
 20260726    13:07:12       0     46     30      0      0      0      0   2711      6      0 
 20260726    13:07:13       0     74     48      0      0      0      0   2711      6      0 
 20260726    13:07:14       0     11      0      0      0      0      0   2707      6      0 
 20260726    13:07:15       0     12      0      0      0      0      0   2711      6      0 
 20260726    13:07:16       0     24     14      0      0      0      0   1133      6      0 
#Date        Time         gpu     sm    mem    enc    dec    jpg    ofa     fb   bar1   ccpm 
#YYYYMMDD    HH:MM:SS     Idx      %      %      %      %      %      %     MB     MB     MB 
 20260726    13:07:17       0     46     25      0      0      0      0   2711      6      0 
 20260726    13:07:18       0     13      0      0      0      0      0   2707      6      0 
 20260726    13:07:19       0      9      0      0      0      0      0   2711      6      0 
 20260726    13:07:20       0     21     13      0      0      0      0   2707      6      0 
 20260726    13:07:21       0     25     15      0      0      0      0   2711      6      0 
 20260726    13:07:22       0     20     11      0      0      0      0   2711      6      0 
 20260726    13:07:23       0     52     34      0      0      0      0   1133      6      0 
 20260726    13:07:24       0     45     24      0      0      0      0   2707      6      0 
 20260726    13:07:25       0     34     12      0      0      0      0   1133      6      0 
 20260726    13:07:26       0     57     34      0      0      0      0   2713      6      0 
 20260726    13:07:27       0     73     48      0      0      0      0   2711      6      0 
 20260726    13:07:28       0     81     53      0      0      0      0   1133      6      0 
 20260726    13:07:29       0     80     52      0      0      0      0   2713      6      0 
 20260726    13:07:30       0     59     39      0      0      0      0   2707      6      0 
 20260726    13:07:31       0     38     19      0      0      0      0   2711      6      0 
 20260726    13:07:32       0     19     11      0      0      0      0   2711      6      0 
 20260726    13:07:33       0      0      0      0      0      0      0   2711      6      0 
 20260726    13:07:34       0     31     28      0      0      0      0   1133      6      0 
 20260726    13:07:35       0     78     51      0      0      0      0   2711      6      0 
 20260726    13:07:36       0     48     29      0      0      0      0   1133      6      0 
 20260726    13:07:37       0     53     32      0      0      0      0   1133      6      0 
 20260726    13:07:38       0     56     37      0      0      0      0   2711      6      0 
 20260726    13:07:39       0     56     36      0      0      0      0   1133      6      0 
 20260726    13:07:40       0     55     36      0      0      0      0   2711      6      0 
 20260726    13:07:41       0     83     54      0      0      0      0   2711      6      0 
 20260726    13:07:42       0     12      2      0      0      0      0   2711      6      0 
 20260726    13:07:43       0     23     12      0      0      0      0   2711      6      0 
 20260726    13:07:44       0     44     26      0      0      0      0   1133      6      0 
 20260726    13:07:45       0      0      0      0      0      0      0   2711      6      0 
 20260726    13:07:46       0     25      3      0      0      0      0   2711      6      0 
 20260726    13:07:47       0      9      0      0      0      0      0   2707      6      0 
 20260726    13:07:49       0     82     54      0      0      0      0   1757      6      0 
 20260726    13:07:50       0     38     22      0      0      0      0   2713      6      0 
 20260726    13:07:51       0      7      0      0      0      0      0   2711      6      0 
 20260726    13:07:52       0     26      8      0      0      0      0   2711      6      0 
 20260726    13:07:53       0     59     38      0      0      0      0   1133      6      0 
 20260726    13:07:54       0      0      0      0      0      0      0   2707      6      0 
 20260726    13:07:55       0     25     16      0      0      0      0   2711      6      0 
 20260726    13:07:56       0     12      7      0      0      0      0   1133      6      0 
 20260726    13:07:57       0      3      2      0      0      0      0   2711      6      0 
 20260726    13:07:58       0     30     16      0      0      0      0   2711      6      0 
 20260726    13:07:59       0     72     47      0      0      0      0   2711      6      0 
 20260726    13:08:00       0     83     54      0      0      0      0   2711      6      0 
 20260726    13:08:01       0      8      0      0      0      0      0   2711      6      0 
#Date        Time         gpu     sm    mem    enc    dec    jpg    ofa     fb   bar1   ccpm 
#YYYYMMDD    HH:MM:SS     Idx      %      %      %      %      %      %     MB     MB     MB 
 20260726    13:08:02       0     35     20      0      0      0      0   1133      6      0 
 20260726    13:08:03       0      0      0      0      0      0      0   1133      6      0 
 20260726    13:08:04       0      0      0      0      0      0      0   1133      6      0 
 20260726    13:08:05       0      0      0      0      0      0      0   1133      6      0 
