#Date        Time         gpu     sm    mem    enc    dec    jpg    ofa     fb   bar1   ccpm 
#YYYYMMDD    HH:MM:SS     Idx      %      %      %      %      %      %     MB     MB     MB 
 20260726    13:03:31       0      0      0      0      0      0      0     44      4      0 
 20260726    13:03:32       0      0      0      0      0      0      0     75      6      0 
 20260726    13:03:33       0      5      0      0      0      0      0   1261      6      0 
 20260726    13:03:34       0      0      0      0      0      0      0   1421      6      0 
 20260726    13:03:35       0      0      0      0      0      0      0   1421      6      0 
 20260726    13:03:36       0      0      0      0      0      0      0   1421      6      0 
 20260726    13:03:37       0      0      0      0      0      0      0   1331      6      0 
 20260726    13:03:38       0      8      5      0      0      0      0   6733      6      0 
 20260726    13:03:39       0     63     38      0      0      0      0   1071      6      0 
 20260726    13:03:40       0     63     38      0      0      0      0   2669      6      0 
 20260726    13:03:41       0     63     38      0      0      0      0   2669      6      0 
 20260726    13:03:42       0     64     39      0      0      0      0   2669      6      0 
 20260726    13:03:43       0     32     21      0      0      0      0   1469      6      0 
 20260726    13:03:44       0     61     36      0      0      0      0   2711      6      0 
 20260726    13:03:45       0     55     36      0      0      0      0   2707      6      0 
 20260726    13:03:46       0     62     37      0      0      0      0   2707      6      0 
 20260726    13:03:47       0      0      0      0      0      0      0   1133      6      0 
 20260726    13:03:48       0     52     30      0      0      0      0   2711      6      0 
 20260726    13:03:49       0     56     37      0      0      0      0   1133      6      0 
 20260726    13:03:50       0     21     13      0      0      0      0   2711      6      0 
 20260726    13:03:51       0     10      0      0      0      0      0   2713      6      0 
 20260726    13:03:52       0      0      0      0      0      0      0   2711      6      0 
 20260726    13:03:53       0      0      0      0      0      0      0   2711      6      0 
 20260726    13:03:54       0     15      9      0      0      0      0   2707      6      0 
 20260726    13:03:55       0     58     34      0      0      0      0   2711      6      0 
 20260726    13:03:56       0     13      0      0      0      0      0   2711      6      0 
 20260726    13:03:57       0     82     54      0      0      0      0   2711      6      0 
 20260726    13:03:58       0     37     14      0      0      0      0   1133      6      0 
 20260726    13:03:59       0      0      0      0      0      0      0   1757      6      0 
 20260726    13:04:00       0     33     20      0      0      0      0   2713      6      0 
 20260726    13:04:01       0     45     26      0      0      0      0   2711      6      0 
 20260726    13:04:02       0     42     27      0      0      0      0   2711      6      0 
 20260726    13:04:04       0     42     20      0      0      0      0   2711      6      0 
 20260726    13:04:05       0     25      9      0      0      0      0   2707      6      0 
 20260726    13:04:06       0     55     34      0      0      0      0   2711      6      0 
 20260726    13:04:07       0     81     53      0      0      0      0   2711      6      0 
 20260726    13:04:08       0     77     51      0      0      0      0   1133      6      0 
 20260726    13:04:09       0     14      2      0      0      0      0   2711      6      0 
 20260726    13:04:10       0      0      0      0      0      0      0   1133      6      0 
 20260726    13:04:11       0     57     34      0      0      0      0   2711      6      0 
 20260726    13:04:12       0     82     54      0      0      0      0   2711      6      0 
 20260726    13:04:13       0     42     20      0      0      0      0   2707      6      0 
 20260726    13:04:14       0      0      0      0      0      0      0   2707      6      0 
 20260726    13:04:15       0     63     38      0      0      0      0   2707      6      0 
#Date        Time         gpu     sm    mem    enc    dec    jpg    ofa     fb   bar1   ccpm 
#YYYYMMDD    HH:MM:SS     Idx      %      %      %      %      %      %     MB     MB     MB 
 20260726    13:04:16       0     21     13      0      0      0      0   2711      6      0 
 20260726    13:04:17       0     20      6      0      0      0      0   1133      6      0 
 20260726    13:04:18       0     24     15      0      0      0      0   2711      6      0 
 20260726    13:04:19       0     20     13      0      0      0      0   1133      6      0 
 20260726    13:04:20       0     19     11      0      0      0      0   1757      6      0 
 20260726    13:04:21       0     18     11      0      0      0      0   2711      6      0 
 20260726    13:04:22       0     75     50      0      0      0      0   1133      6      0 
 20260726    13:04:23       0      0      0      0      0      0      0   2707      6      0 
 20260726    13:04:24       0     25     10      0      0      0      0   2713      6      0 
 20260726    13:04:25       0     16      0      0      0      0      0   2707      6      0 
 20260726    13:04:26       0     19      0      0      0      0      0   2711      6      0 
 20260726    13:04:27       0     24     15      0      0      0      0   1133      6      0 
 20260726    13:04:28       0     20     18      0      0      0      0   2711      6      0 
 20260726    13:04:29       0     18     11      0      0      0      0   2711      6      0 
 20260726    13:04:30       0      4      3      0      0      0      0   2711      6      0 
 20260726    13:04:31       0     25     13      0      0      0      0   2711      6      0 
 20260726    13:04:32       0     54     48      0      0      0      0   2711      6      0 
 20260726    13:04:33       0     30     15      0      0      0      0   2707      6      0 
 20260726    13:04:34       0     24      6      0      0      0      0   2711      6      0 
 20260726    13:04:35       0     60     35      0      0      0      0   1325      6      0 
 20260726    13:04:36       0     77     51      0      0      0      0   2711      6      0 
 20260726    13:04:37       0      0      0      0      0      0      0   2711      6      0 
 20260726    13:04:38       0     18     11      0      0      0      0   2711      6      0 
 20260726    13:04:39       0      0      0      0      0      0      0   2711      6      0 
 20260726    13:04:40       0     18     11      0      0      0      0   2711      6      0 
 20260726    13:04:41       0     70     46      0      0      0      0   1133      6      0 
 20260726    13:04:42       0     19      2      0      0      0      0   1133      6      0 
 20260726    13:04:43       0     46     40      0      0      0      0   2711      6      0 
 20260726    13:04:44       0     44     27      0      0      0      0   2711      6      0 
 20260726    13:04:45       0     83     54      0      0      0      0   2711      6      0 
 20260726    13:04:46       0     33     21      0      0      0      0   2707      6      0 
 20260726    13:04:47       0     56     36      0      0      0      0   2711      6      0 
 20260726    13:04:48       0     45     23      0      0      0      0   2711      6      0 
 20260726    13:04:49       0     15      9      0      0      0      0   2707      6      0 
 20260726    13:04:50       0     45     27      0      0      0      0   2707      6      0 
 20260726    13:04:51       0     19      1      0      0      0      0   2711      6      0 
 20260726    13:04:52       0     29     11      0      0      0      0   2711      6      0 
 20260726    13:04:53       0     24      7      0      0      0      0   2711      6      0 
 20260726    13:04:54       0     23     15      0      0      0      0   2711      6      0 
 20260726    13:04:55       0     21     13      0      0      0      0   2711      6      0 
 20260726    13:04:56       0      1      0      0      0      0      0   2707      6      0 
 20260726    13:04:57       0     17     10      0      0      0      0   2711      6      0 
 20260726    13:04:58       0     74     49      0      0      0      0   1133      6      0 
 20260726    13:04:59       0     53     32      0      0      0      0   2711      6      0 
#Date        Time         gpu     sm    mem    enc    dec    jpg    ofa     fb   bar1   ccpm 
#YYYYMMDD    HH:MM:SS     Idx      %      %      %      %      %      %     MB     MB     MB 
 20260726    13:05:00       0     29     18      0      0      0      0   2707      6      0 
 20260726    13:05:01       0     19     11      0      0      0      0   2711      6      0 
 20260726    13:05:02       0     12      8      0      0      0      0   1277      6      0 
 20260726    13:05:03       0     21     13      0      0      0      0   2711      6      0 
 20260726    13:05:04       0      5      0      0      0      0      0   1133      6      0 
 20260726    13:05:05       0     21     13      0      0      0      0   2711      6      0 
 20260726    13:05:06       0     15      0      0      0      0      0   1685      6      0 
 20260726    13:05:07       0     38     29      0      0      0      0   1133      6      0 
 20260726    13:05:08       0     50     33      0      0      0      0   2711      6      0 
 20260726    13:05:09       0     82     54      0      0      0      0   2711      6      0 
 20260726    13:05:10       0     67     45      0      0      0      0   2713      6      0 
 20260726    13:05:11       0     16      2      0      0      0      0   2711      6      0 
 20260726    13:05:12       0     30     16      0      0      0      0   1133      6      0 
 20260726    13:05:13       0     21     13      0      0      0      0   2711      6      0 
 20260726    13:05:14       0     17     11      0      0      0      0   2707      6      0 
 20260726    13:05:15       0     66     54      0      0      0      0   2711      6      0 
 20260726    13:05:16       0     41     27      0      0      0      0   2711      6      0 
 20260726    13:05:17       0     24     10      0      0      0      0   2711      6      0 
 20260726    13:05:18       0     24      5      0      0      0      0   1133      6      0 
 20260726    13:05:19       0     54     34      0      0      0      0   2711      6      0 
 20260726    13:05:20       0     54     36      0      0      0      0   2711      6      0 
 20260726    13:05:21       0     13      0      0      0      0      0   2707      6      0 
 20260726    13:05:22       0     16      2      0      0      0      0   2711      6      0 
 20260726    13:05:23       0     83     54      0      0      0      0   2711      6      0 
 20260726    13:05:24       0     45     30      0      0      0      0   2711      6      0 
 20260726    13:05:25       0     14      9      0      0      0      0   2711      6      0 
 20260726    13:05:26       0      0      0      0      0      0      0   1133      6      0 
 20260726    13:05:27       0     83     54      0      0      0      0   2711      6      0 
 20260726    13:05:28       0     15      9      0      0      0      0   1133      6      0 
 20260726    13:05:29       0      9      1      0      0      0      0   2711      6      0 
 20260726    13:05:30       0     54     32      0      0      0      0   2711      6      0 
 20260726    13:05:31       0     55     36      0      0      0      0   2711      6      0 
 20260726    13:05:32       0      0      0      0      0      0      0   2711      6      0 
 20260726    13:05:33       0     21     13      0      0      0      0   2713      6      0 
 20260726    13:05:34       0      0      0      0      0      0      0   2711      6      0 
 20260726    13:05:35       0     16     10      0      0      0      0   2711      6      0 
 20260726    13:05:36       0     18     12      0      0      0      0   2711      6      0 
 20260726    13:05:37       0     18     11      0      0      0      0   2711      6      0 
 20260726    13:05:38       0      0      0      0      0      0      0   2711      6      0 
 20260726    13:05:39       0     14      8      0      0      0      0   2713      6      0 
 20260726    13:05:40       0     21     13      0      0      0      0   2711      6      0 
 20260726    13:05:41       0     83     54      0      0      0      0   1133      6      0 
 20260726    13:05:42       0     53     33      0      0      0      0   1133      6      0 
 20260726    13:05:43       0      0      0      0      0      0      0   1133      6      0 
#Date        Time         gpu     sm    mem    enc    dec    jpg    ofa     fb   bar1   ccpm 
#YYYYMMDD    HH:MM:SS     Idx      %      %      %      %      %      %     MB     MB     MB 
 20260726    13:05:44       0      0      0      0      0      0      0   1133      6      0 
 20260726    13:05:45       0      0      0      0      0      0      0   1133      6      0 
 20260726    13:05:46       0      0      0      0      0      0      0   1133      6      0 
 20260726    13:05:47       0      0      0      0      0      0      0   1133      6      0 
