#Date        Time         gpu     sm    mem    enc    dec    jpg    ofa     fb   bar1   ccpm 
#YYYYMMDD    HH:MM:SS     Idx      %      %      %      %      %      %     MB     MB     MB 
 20260726    13:10:23       0      0      0      0      0      0      0     44      4      0 
 20260726    13:10:24       0      0      0      0      0      0      0     61      6      0 
 20260726    13:10:25       0      0      0      0      0      0      0   1261      6      0 
 20260726    13:10:26       0      0      0      0      0      0      0   1421      6      0 
 20260726    13:10:27       0      0      0      0      0      0      0   1421      6      0 
 20260726    13:10:28       0      0      0      0      0      0      0   1421      6      0 
 20260726    13:10:29       0      4      2      0      0      0      0   1331      6      0 
 20260726    13:10:30       0     74     48      0      0      0      0   2165      6      0 
 20260726    13:10:31       0     67     40      0      0      0      0   1719      6      0 
 20260726    13:10:32       0     63     38      0      0      0      0   1071      6      0 
 20260726    13:10:33       0     67     41      0      0      0      0   2669      6      0 
 20260726    13:10:34       0     60     37      0      0      0      0   1497      6      0 
 20260726    13:10:35       0     28     15      0      0      0      0   1133      6      0 
 20260726    13:10:36       0     63     37      0      0      0      0   2711      6      0 
 20260726    13:10:37       0     65     38      0      0      0      0   1757      6      0 
 20260726    13:10:38       0     12      2      0      0      0      0   1133      6      0 
 20260726    13:10:39       0     79     52      0      0      0      0   1133      6      0 
 20260726    13:10:40       0     21     13      0      0      0      0   2711      6      0 
 20260726    13:10:41       0     83     54      0      0      0      0   2711      6      0 
 20260726    13:10:42       0     59     35      0      0      0      0   2707      6      0 
 20260726    13:10:43       0     21     13      0      0      0      0   2711      6      0 
 20260726    13:10:44       0     16     10      0      0      0      0   2711      6      0 
 20260726    13:10:45       0     21      0      0      0      0      0   1133      6      0 
 20260726    13:10:46       0     18     11      0      0      0      0   1133      6      0 
 20260726    13:10:47       0     63     38      0      0      0      0   2711      6      0 
 20260726    13:10:48       0     71     47      0      0      0      0   2711      6      0 
 20260726    13:10:49       0     79     51      0      0      0      0   2711      6      0 
 20260726    13:10:50       0     67     44      0      0      0      0   2711      6      0 
 20260726    13:10:51       0      4      3      0      0      0      0   2711      6      0 
 20260726    13:10:52       0     52     32      0      0      0      0   2707      6      0 
 20260726    13:10:53       0     19     11      0      0      0      0   2711      6      0 
 20260726    13:10:54       0      0      0      0      0      0      0   2711      6      0 
 20260726    13:10:55       0     19     11      0      0      0      0   2711      6      0 
 20260726    13:10:56       0      0      0      0      0      0      0   2711      6      0 
 20260726    13:10:57       0     10      5      0      0      0      0   1133      6      0 
 20260726    13:10:58       0     41     27      0      0      0      0   2711      6      0 
 20260726    13:10:59       0     50     33      0      0      0      0   2711      6      0 
 20260726    13:11:00       0     83     54      0      0      0      0   2707      6      0 
 20260726    13:11:01       0     15      2      0      0      0      0   2711      6      0 
 20260726    13:11:02       0      0      0      0      0      0      0   2707      6      0 
 20260726    13:11:03       0      0      0      0      0      0      0   2711      6      0 
 20260726    13:11:04       0     26     17      0      0      0      0   2711      6      0 
 20260726    13:11:05       0     83     54      0      0      0      0   2711      6      0 
 20260726    13:11:06       0     58     34      0      0      0      0   1133      6      0 
#Date        Time         gpu     sm    mem    enc    dec    jpg    ofa     fb   bar1   ccpm 
#YYYYMMDD    HH:MM:SS     Idx      %      %      %      %      %      %     MB     MB     MB 
 20260726    13:11:07       0     72     48      0      0      0      0   2711      6      0 
 20260726    13:11:08       0     40     26      0      0      0      0   2161      6      0 
 20260726    13:11:09       0     57     38      0      0      0      0   1133      6      0 
 20260726    13:11:10       0     48     31      0      0      0      0   2711      6      0 
 20260726    13:11:11       0     39     19      0      0      0      0   1133      6      0 
 20260726    13:11:12       0     22     14      0      0      0      0   1133      6      0 
 20260726    13:11:13       0     26     17      0      0      0      0   2711      6      0 
 20260726    13:11:14       0      0      0      0      0      0      0   2711      6      0 
 20260726    13:11:15       0     15      8      0      0      0      0   2713      6      0 
 20260726    13:11:16       0     68     44      0      0      0      0   2711      6      0 
 20260726    13:11:17       0     74     49      0      0      0      0   2707      6      0 
 20260726    13:11:18       0     54     34      0      0      0      0   2711      6      0 
 20260726    13:11:19       0      0      0      0      0      0      0   2707      6      0 
 20260726    13:11:20       0      0      0      0      0      0      0   2711      6      0 
 20260726    13:11:21       0     21     13      0      0      0      0   2711      6      0 
 20260726    13:11:22       0     33     22      0      0      0      0   2711      6      0 
 20260726    13:11:23       0     21     13      0      0      0      0   2711      6      0 
 20260726    13:11:24       0     57     48      0      0      0      0   2711      6      0 
 20260726    13:11:25       0     14      2      0      0      0      0   2711      6      0 
 20260726    13:11:26       0     53     31      0      0      0      0   2711      6      0 
 20260726    13:11:27       0     81     53      0      0      0      0   2711      6      0 
 20260726    13:11:28       0     65     43      0      0      0      0   2707      6      0 
 20260726    13:11:29       0     45     30      0      0      0      0   2711      6      0 
 20260726    13:11:30       0     42     27      0      0      0      0   2707      6      0 
 20260726    13:11:31       0     66     43      0      0      0      0   2711      6      0 
 20260726    13:11:32       0     58     38      0      0      0      0   2711      6      0 
 20260726    13:11:33       0     22      6      0      0      0      0   2707      6      0 
 20260726    13:11:34       0     61     53      0      0      0      0   2711      6      0 
 20260726    13:11:35       0     43     26      0      0      0      0   2711      6      0 
 20260726    13:11:36       0     61     40      0      0      0      0   2707      6      0 
 20260726    13:11:37       0     29     19      0      0      0      0   2711      6      0 
 20260726    13:11:38       0     51     33      0      0      0      0   2711      6      0 
 20260726    13:11:39       0     57     38      0      0      0      0   1133      6      0 
 20260726    13:11:40       0      6      0      0      0      0      0   2711      6      0 
 20260726    13:11:41       0     42     25      0      0      0      0   2711      6      0 
 20260726    13:11:42       0     21     13      0      0      0      0   2707      6      0 
 20260726    13:11:43       0      0      0      0      0      0      0   1133      6      0 
 20260726    13:11:44       0     28     11      0      0      0      0   2711      6      0 
 20260726    13:11:45       0     27     13      0      0      0      0   2707      6      0 
 20260726    13:11:46       0      0      0      0      0      0      0   2711      6      0 
 20260726    13:11:47       0     32     21      0      0      0      0   2711      6      0 
 20260726    13:11:48       0     74     49      0      0      0      0   2711      6      0 
 20260726    13:11:49       0     50     32      0      0      0      0   1133      6      0 
 20260726    13:11:50       0     50     30      0      0      0      0   2087      6      0 
#Date        Time         gpu     sm    mem    enc    dec    jpg    ofa     fb   bar1   ccpm 
#YYYYMMDD    HH:MM:SS     Idx      %      %      %      %      %      %     MB     MB     MB 
 20260726    13:11:51       0     14      0      0      0      0      0   2711      6      0 
 20260726    13:11:52       0     24      8      0      0      0      0   2713      6      0 
 20260726    13:11:53       0      8      1      0      0      0      0   2711      6      0 
 20260726    13:11:54       0     15      2      0      0      0      0   2707      6      0 
 20260726    13:11:55       0     19      3      0      0      0      0   2711      6      0 
 20260726    13:11:56       0     21     13      0      0      0      0   2707      6      0 
 20260726    13:11:57       0     16      0      0      0      0      0   2711      6      0 
 20260726    13:11:58       0     24     14      0      0      0      0   2707      6      0 
 20260726    13:11:59       0     31      6      0      0      0      0   2713      6      0 
 20260726    13:12:00       0     21     13      0      0      0      0   2711      6      0 
 20260726    13:12:01       0     12      7      0      0      0      0   2713      6      0 
 20260726    13:12:02       0      5      3      0      0      0      0   2711      6      0 
 20260726    13:12:03       0     63     41      0      0      0      0   2711      6      0 
 20260726    13:12:04       0     68     45      0      0      0      0   2711      6      0 
 20260726    13:12:05       0     36     23      0      0      0      0   2711      6      0 
 20260726    13:12:06       0      0      0      0      0      0      0   2707      6      0 
 20260726    13:12:07       0     22     13      0      0      0      0   2711      6      0 
 20260726    13:12:08       0     13      2      0      0      0      0   2711      6      0 
 20260726    13:12:09       0     14      9      0      0      0      0   2707      6      0 
 20260726    13:12:10       0     33     17      0      0      0      0   2711      6      0 
 20260726    13:12:11       0     18      0      0      0      0      0   2707      6      0 
 20260726    13:12:12       0      9      6      0      0      0      0   2711      6      0 
 20260726    13:12:13       0     19     11      0      0      0      0   2711      6      0 
 20260726    13:12:14       0     72     65      0      0      0      0   2711      6      0 
 20260726    13:12:15       0     57     38      0      0      0      0   2663      6      0 
 20260726    13:12:16       0     58     38      0      0      0      0   2707      6      0 
 20260726    13:12:17       0     48     29      0      0      0      0   2711      6      0 
 20260726    13:12:18       0     60     40      0      0      0      0   2711      6      0 
 20260726    13:12:19       0     21     13      0      0      0      0   2711      6      0 
 20260726    13:12:20       0     52     34      0      0      0      0   1133      6      0 
 20260726    13:12:21       0     47     28      0      0      0      0   2707      6      0 
 20260726    13:12:22       0     45     29      0      0      0      0   2707      6      0 
 20260726    13:12:23       0     83     54      0      0      0      0   2711      6      0 
 20260726    13:12:24       0     60     39      0      0      0      0   2711      6      0 
 20260726    13:12:25       0     22      5      0      0      0      0   2711      6      0 
 20260726    13:12:27       0     39     22      0      0      0      0   2711      6      0 
 20260726    13:12:28       0     58     38      0      0      0      0   2711      6      0 
 20260726    13:12:29       0     39     19      0      0      0      0   2713      6      0 
 20260726    13:12:30       0     40     22      0      0      0      0   2707      6      0 
 20260726    13:12:31       0     50     32      0      0      0      0   2711      6      0 
 20260726    13:12:32       0     48     31      0      0      0      0   2711      6      0 
 20260726    13:12:33       0     11      2      0      0      0      0   1133      6      0 
 20260726    13:12:34       0     42     25      0      0      0      0   1133      6      0 
 20260726    13:12:35       0      0      0      0      0      0      0   1133      6      0 
#Date        Time         gpu     sm    mem    enc    dec    jpg    ofa     fb   bar1   ccpm 
#YYYYMMDD    HH:MM:SS     Idx      %      %      %      %      %      %     MB     MB     MB 
 20260726    13:12:36       0      0      0      0      0      0      0   1133      6      0 
 20260726    13:12:37       0      0      0      0      0      0      0   1133      6      0 
 20260726    13:12:38       0      0      0      0      0      0      0   1133      6      0 
