#Date        Time         gpu     sm    mem    enc    dec    jpg    ofa     fb   bar1   ccpm 
#YYYYMMDD    HH:MM:SS     Idx      %      %      %      %      %      %     MB     MB     MB 
 20260726    13:14:56       0      0      0      0      0      0      0     44      4      0 
 20260726    13:14:57       0      0      0      0      0      0      0     44      4      0 
 20260726    13:14:58       0      0      0      0      0      0      0     44      4      0 
 20260726    13:14:59       0     15      0      0      0      0      0   2417     12      0 
 20260726    13:15:00       0     12      1      0      0      0      0   5327     12      0 
 20260726    13:15:01       0     20     10      0      0      0      0   4917     12      0 
 20260726    13:15:02       0     94     64      0      0      0      0  11089     12      0 
 20260726    13:15:03       0     97     66      0      0      0      0   7047     12      0 
 20260726    13:15:04       0     97     62      0      0      0      0   8947     12      0 
 20260726    13:15:05       0     98     64      0      0      0      0   8977     12      0 
 20260726    13:15:06       0     94     44      0      0      0      0   7615     12      0 
 20260726    13:15:07       0     88     50      0      0      0      0   9303     12      0 
 20260726    13:15:08       0     99     63      0      0      0      0   5975     12      0 
 20260726    13:15:09       0     41     24      0      0      0      0  10715     12      0 
 20260726    13:15:10       0     64     27      0      0      0      0   9127     12      0 
 20260726    13:15:11       0    100     65      0      0      0      0  10709     12      0 
 20260726    13:15:12       0     99     65      0      0      0      0   8177     12      0 
 20260726    13:15:13       0     43     27      0      0      0      0  10709     12      0 
 20260726    13:15:14       0     96     62      0      0      0      0   7405     12      0 
 20260726    13:15:15       0     75     46      0      0      0      0  10713     12      0 
 20260726    13:15:16       0    100     66      0      0      0      0   9133     12      0 
 20260726    13:15:17       0     98     61      0      0      0      0  10713     12      0 
 20260726    13:15:18       0     87     47      0      0      0      0   7553     12      0 
 20260726    13:15:19       0     90     55      0      0      0      0  10713     12      0 
 20260726    13:15:20       0    100     65      0      0      0      0   9135     12      0 
 20260726    13:15:21       0     13      2      0      0      0      0  10701     12      0 
 20260726    13:15:22       0     90     50      0      0      0      0  10715     12      0 
 20260726    13:15:23       0     60     23      0      0      0      0  10715     12      0 
 20260726    13:15:24       0     59     25      0      0      0      0   9123     12      0 
 20260726    13:15:25       0     58     36      0      0      0      0  10713     12      0 
 20260726    13:15:26       0     96     58      0      0      0      0  10713     12      0 
 20260726    13:15:27       0     98     59      0      0      0      0   7549     12      0 
 20260726    13:15:28       0     74     44      0      0      0      0  10713     12      0 
 20260726    13:15:30       0    100     65      0      0      0      0  10713     12      0 
 20260726    13:15:31       0     60     38      0      0      0      0   9131     12      0 
 20260726    13:15:32       0     69     42      0      0      0      0  10713     12      0 
 20260726    13:15:33       0     73     37      0      0      0      0  10713     12      0 
 20260726    13:15:34       0     99     63      0      0      0      0   9135     12      0 
 20260726    13:15:35       0    100     66      0      0      0      0  10713     12      0 
 20260726    13:15:36       0    100     66      0      0      0      0  10701     12      0 
 20260726    13:15:37       0     99     64      0      0      0      0  10705     12      0 
 20260726    13:15:38       0     99     65      0      0      0      0   9133     12      0 
 20260726    13:15:39       0     56     35      0      0      0      0  10713     12      0 
 20260726    13:15:40       0     83     56      0      0      0      0  10713     12      0 
#Date        Time         gpu     sm    mem    enc    dec    jpg    ofa     fb   bar1   ccpm 
#YYYYMMDD    HH:MM:SS     Idx      %      %      %      %      %      %     MB     MB     MB 
 20260726    13:15:41       0    100     65      0      0      0      0  10701     12      0 
 20260726    13:15:42       0     98     64      0      0      0      0   5979     12      0 
 20260726    13:15:43       0     67     44      0      0      0      0  10713     12      0 
 20260726    13:15:44       0     97     60      0      0      0      0  10713     12      0 
 20260726    13:15:45       0     98     62      0      0      0      0  10705     12      0 
 20260726    13:15:46       0     95     67      0      0      0      0  10705     12      0 
 20260726    13:15:47       0     75     49      0      0      0      0   8173     12      0 
 20260726    13:15:48       0     80     51      0      0      0      0  10709     12      0 
 20260726    13:15:49       0     74     38      0      0      0      0  10709     12      0 
 20260726    13:15:50       0    100     65      0      0      0      0  10713     12      0 
 20260726    13:15:51       0     46     12      0      0      0      0  10713     12      0 
 20260726    13:15:52       0    100     65      0      0      0      0   9135     12      0 
 20260726    13:15:53       0     65     41      0      0      0      0   9757     12      0 
 20260726    13:15:54       0     55     33      0      0      0      0  10709     12      0 
 20260726    13:15:55       0     97     49      0      0      0      0  10711     12      0 
 20260726    13:15:56       0     99     63      0      0      0      0   7557     12      0 
 20260726    13:15:57       0    100     65      0      0      0      0   3312     10      0 
 20260726    13:15:58       0      2      1      0      0      0      0     44      4      0 
 20260726    13:15:59       0      0      0      0      0      0      0     44      4      0 
 20260726    13:16:00       0      0      0      0      0      0      0     44      4      0 
 20260726    13:16:01       0      0      0      0      0      0      0     44      4      0 
 20260726    13:16:02       0      0      0      0      0      0      0     44      4      0 
