#Date        Time         gpu     sm    mem    enc    dec    jpg    ofa     fb   bar1   ccpm 
#YYYYMMDD    HH:MM:SS     Idx      %      %      %      %      %      %     MB     MB     MB 
 20260726    13:08:08       0      0      0      0      0      0      0     44      4      0 
 20260726    13:08:09       0      0      0      0      0      0      0     44      4      0 
 20260726    13:08:10       0      0      0      0      0      0      0     44      4      0 
 20260726    13:08:11       0      0      0      0      0      0      0   2417     12      0 
 20260726    13:08:12       0      0      0      0      0      0      0   5033     12      0 
 20260726    13:08:13       0     34      2      0      0      0      0  26687     12      0 
 20260726    13:08:14       0     91     56      0      0      0      0   9811     12      0 
 20260726    13:08:15       0     95     55      0      0      0      0   8947     12      0 
 20260726    13:08:16       0     97     62      0      0      0      0   8287     12      0 
 20260726    13:08:17       0     97     62      0      0      0      0   9625     12      0 
 20260726    13:08:18       0     98     62      0      0      0      0   9225     12      0 
 20260726    13:08:19       0     78     40      0      0      0      0   4737     12      0 
 20260726    13:08:20       0     63     35      0      0      0      0   9131     12      0 
 20260726    13:08:21       0     98     64      0      0      0      0  10715     12      0 
 20260726    13:08:22       0     88     56      0      0      0      0   7745     12      0 
 20260726    13:08:23       0     97     55      0      0      0      0  10709     12      0 
 20260726    13:08:24       0     73     31      0      0      0      0   9127     12      0 
 20260726    13:08:25       0     99     62      0      0      0      0  10715     12      0 
 20260726    13:08:26       0     69     34      0      0      0      0   9131     12      0 
 20260726    13:08:27       0     52      1      0      0      0      0  10713     12      0 
 20260726    13:08:28       0     17      2      0      0      0      0   9133     12      0 
 20260726    13:08:29       0     83     50      0      0      0      0  10713     12      0 
 20260726    13:08:30       0      0      0      0      0      0      0   5979     12      0 
 20260726    13:08:31       0    100     66      0      0      0      0  10713     12      0 
 20260726    13:08:32       0     80     46      0      0      0      0   7557     12      0 
 20260726    13:08:33       0     94     60      0      0      0      0  10709     12      0 
 20260726    13:08:34       0     89     32      0      0      0      0   9131     12      0 
 20260726    13:08:35       0     97     53      0      0      0      0  10715     12      0 
 20260726    13:08:36       0     91     55      0      0      0      0   6599     12      0 
 20260726    13:08:37       0     96     62      0      0      0      0  10713     12      0 
 20260726    13:08:38       0    100     63      0      0      0      0  10713     12      0 
 20260726    13:08:39       0     38     17      0      0      0      0   4401     12      0 
 20260726    13:08:40       0     91     70      0      0      0      0  10713     12      0 
 20260726    13:08:41       0     97     62      0      0      0      0  10713     12      0 
 20260726    13:08:42       0     76     42      0      0      0      0   7557     12      0 
 20260726    13:08:43       0    100     65      0      0      0      0  10713     12      0 
 20260726    13:08:44       0     61     33      0      0      0      0  10705     12      0 
 20260726    13:08:45       0     63     27      0      0      0      0   9127     12      0 
 20260726    13:08:46       0     75     46      0      0      0      0  10701     12      0 
 20260726    13:08:47       0     97     55      0      0      0      0  10709     12      0 
 20260726    13:08:48       0     64     39      0      0      0      0  10709     12      0 
 20260726    13:08:49       0     74     26      0      0      0      0   9131     12      0 
 20260726    13:08:50       0     56     34      0      0      0      0  10713     12      0 
 20260726    13:08:51       0     90     54      0      0      0      0  10709     12      0 
#Date        Time         gpu     sm    mem    enc    dec    jpg    ofa     fb   bar1   ccpm 
#YYYYMMDD    HH:MM:SS     Idx      %      %      %      %      %      %     MB     MB     MB 
 20260726    13:08:52       0    100     65      0      0      0      0   7557     12      0 
 20260726    13:08:53       0     72     36      0      0      0      0  10707     12      0 
 20260726    13:08:54       0     98     57      0      0      0      0  10715     12      0 
 20260726    13:08:55       0     52     11      0      0      0      0  10715     12      0 
 20260726    13:08:56       0     98     70      0      0      0      0  10713     12      0 
 20260726    13:08:57       0     98     55      0      0      0      0  10713     12      0 
 20260726    13:08:58       0     79     48      0      0      0      0   9131     12      0 
 20260726    13:08:59       0     56      3      0      0      0      0  10709     12      0 
 20260726    13:09:00       0     91     54      0      0      0      0  10705     12      0 
 20260726    13:09:01       0    100     64      0      0      0      0   9127     12      0 
 20260726    13:09:02       0     99     62      0      0      0      0   9135     12      0 
 20260726    13:09:03       0    100     65      0      0      0      0   9137     12      0 
 20260726    13:09:04       0    100     64      0      0      0      0   9135     12      0 
 20260726    13:09:05       0     57     42      0      0      0      0  10713     12      0 
 20260726    13:09:06       0     97     55      0      0      0      0  10709     12      0 
 20260726    13:09:07       0     11      2      0      0      0      0   5979     12      0 
 20260726    13:09:08       0      9      3      0      0      0      0   4401     12      0 
 20260726    13:09:09       0      2      1      0      0      0      0     44      4      0 
 20260726    13:09:10       0      0      0      0      0      0      0     44      4      0 
 20260726    13:09:11       0      0      0      0      0      0      0     44      4      0 
 20260726    13:09:12       0      0      0      0      0      0      0     44      4      0 
 20260726    13:09:13       0      0      0      0      0      0      0     44      4      0 
