#Date        Time         gpu     sm    mem    enc    dec    jpg    ofa     fb   bar1   ccpm 
#YYYYMMDD    HH:MM:SS     Idx      %      %      %      %      %      %     MB     MB     MB 
 20260726    14:01:45       0      0      0      0      0      0      0     44      4      0 
 20260726    14:01:46       0      0      0      0      0      0      0     44      4      0 
 20260726    14:01:47       0      0      0      0      0      0      0     44      4      0 
 20260726    14:01:48       0     99      0      0      0      0      0   2417     12      0 
 20260726    14:01:49       0     25      1      0      0      0      0   4913     12      0 
 20260726    14:01:50       0     37     19      0      0      0      0   9599     12      0 
 20260726    14:01:51       0     90     50      0      0      0      0   8017     12      0 
 20260726    14:01:52       0     96     58      0      0      0      0   8947     12      0 
 20260726    14:01:53       0     97     63      0      0      0      0   7651     12      0 
 20260726    14:01:54       0     96     63      0      0      0      0   8959     12      0 
 20260726    14:01:55       0     97     62      0      0      0      0   7361     12      0 
 20260726    14:01:56       0     98     63      0      0      0      0   7077     12      0 
 20260726    14:01:57       0     42     24      0      0      0      0  10737     12      0 
 20260726    14:01:58       0     97     60      0      0      0      0  10713     12      0 
 20260726    14:01:59       0     53     21      0      0      0      0   9131     12      0 
 20260726    14:02:00       0     98     57      0      0      0      0   5981     12      0 
 20260726    14:02:01       0     68     41      0      0      0      0  10713     12      0 
 20260726    14:02:02       0     98     64      0      0      0      0  10701     12      0 
 20260726    14:02:03       0     59     35      0      0      0      0   7557     12      0 
 20260726    14:02:04       0     60     34      0      0      0      0  10709     12      0 
 20260726    14:02:05       0     38     16      0      0      0      0  10709     12      0 
 20260726    14:02:06       0    100     65      0      0      0      0   7549     12      0 
 20260726    14:02:07       0     58     31      0      0      0      0  10707     12      0 
 20260726    14:02:08       0     32     15      0      0      0      0  10713     12      0 
 20260726    14:02:09       0     50     26      0      0      0      0   5979     12      0 
 20260726    14:02:10       0     87     51      0      0      0      0  10715     12      0 
 20260726    14:02:11       0     74     46      0      0      0      0  10713     12      0 
 20260726    14:02:12       0     38     16      0      0      0      0  10713     12      0 
 20260726    14:02:13       0     44     20      0      0      0      0  10709     12      0 
 20260726    14:02:14       0     47     10      0      0      0      0  10705     12      0 
 20260726    14:02:15       0    100     65      0      0      0      0  10713     12      0 
 20260726    14:02:16       0     99     61      0      0      0      0  10709     12      0 
 20260726    14:02:17       0     70     37      0      0      0      0  10715     12      0 
 20260726    14:02:18       0     72     46      0      0      0      0   8329     12      0 
 20260726    14:02:19       0     73     45      0      0      0      0  10709     12      0 
 20260726    14:02:20       0     99     65      0      0      0      0  10707     12      0 
 20260726    14:02:21       0     98     61      0      0      0      0   9127     12      0 
 20260726    14:02:22       0    100     64      0      0      0      0  10717     12      0 
 20260726    14:02:23       0     70     42      0      0      0      0  10713     12      0 
 20260726    14:02:24       0     53     29      0      0      0      0  10715     12      0 
 20260726    14:02:25       0     72     35      0      0      0      0  10717     12      0 
 20260726    14:02:26       0    100     65      0      0      0      0  10709     12      0 
 20260726    14:02:27       0    100     65      0      0      0      0  10715     12      0 
 20260726    14:02:28       0     99     62      0      0      0      0  10713     12      0 
#Date        Time         gpu     sm    mem    enc    dec    jpg    ofa     fb   bar1   ccpm 
#YYYYMMDD    HH:MM:SS     Idx      %      %      %      %      %      %     MB     MB     MB 
 20260726    14:02:29       0     55     32      0      0      0      0  10713     12      0 
 20260726    14:02:30       0     89     40      0      0      0      0  10715     12      0 
 20260726    14:02:31       0    100     65      0      0      0      0  10709     12      0 
 20260726    14:02:32       0     99     63      0      0      0      0  10709     12      0 
 20260726    14:02:33       0    100     64      0      0      0      0  10709     12      0 
 20260726    14:02:34       0     69     35      0      0      0      0  10713     12      0 
 20260726    14:02:35       0     53      9      0      0      0      0  10713     12      0 
 20260726    14:02:36       0     32     19      0      0      0      0  10715     12      0 
 20260726    14:02:37       0     83     28      0      0      0      0  10715     12      0 
 20260726    14:02:38       0     98     56      0      0      0      0  10705     12      0 
 20260726    14:02:39       0     97     63      0      0      0      0   9131     12      0 
 20260726    14:02:40       0     89     55      0      0      0      0  10713     12      0 
 20260726    14:02:41       0     42     12      0      0      0      0  10713     12      0 
 20260726    14:02:42       0     53     11      0      0      0      0  10713     12      0 
 20260726    14:02:43       0     90     53      0      0      0      0  10705     12      0 
 20260726    14:02:44       0     98     57      0      0      0      0  10705     12      0 
 20260726    14:02:45       0     87     53      0      0      0      0  10711     12      0 
 20260726    14:02:46       0     88     54      0      0      0      0  10713     12      0 
 20260726    14:02:47       0     52     15      0      0      0      0  10713     12      0 
 20260726    14:02:48       0    100     64      0      0      0      0  10715     12      0 
 20260726    14:02:49       0    100     63      0      0      0      0  10709     12      0 
 20260726    14:02:50       0     94     53      0      0      0      0  10709     12      0 
 20260726    14:02:51       0     96     41      0      0      0      0  10709     12      0 
 20260726    14:02:52       0     98     59      0      0      0      0   9129     12      0 
 20260726    14:02:53       0     39     25      0      0      0      0  10709     12      0 
 20260726    14:02:54       0     29     17      0      0      0      0  10709     12      0 
 20260726    14:02:55       0     70     42      0      0      0      0  10709     12      0 
 20260726    14:02:56       0     98     59      0      0      0      0   9131     12      0 
 20260726    14:02:57       0     88     38      0      0      0      0  10709     12      0 
 20260726    14:02:58       0     89     45      0      0      0      0  10709     12      0 
 20260726    14:02:59       0     79     46      0      0      0      0  10713     12      0 
 20260726    14:03:00       0    100     65      0      0      0      0  10709     12      0 
 20260726    14:03:01       0     89     56      0      0      0      0  10709     12      0 
 20260726    14:03:02       0     78     41      0      0      0      0  10713     12      0 
 20260726    14:03:03       0    100     63      0      0      0      0  10709     12      0 
 20260726    14:03:04       0     37     23      0      0      0      0  10713     12      0 
 20260726    14:03:05       0     96     59      0      0      0      0  10701     12      0 
 20260726    14:03:06       0     34     15      0      0      0      0   9135     12      0 
 20260726    14:03:07       0     64     20      0      0      0      0   4401     12      0 
 20260726    14:03:08       0      3      2      0      0      0      0   2222      8      0 
 20260726    14:03:10       0      4      2      0      0      0      0     44      4      0 
 20260726    14:03:11       0      0      0      0      0      0      0     44      4      0 
 20260726    14:03:12       0      0      0      0      0      0      0     44      4      0 
 20260726    14:03:13       0      0      0      0      0      0      0     44      4      0 
#Date        Time         gpu     sm    mem    enc    dec    jpg    ofa     fb   bar1   ccpm 
#YYYYMMDD    HH:MM:SS     Idx      %      %      %      %      %      %     MB     MB     MB 
 20260726    14:03:14       0      0      0      0      0      0      0     44      4      0 
