#Date        Time         gpu     sm    mem    enc    dec    jpg    ofa     fb   bar1   ccpm 
#YYYYMMDD    HH:MM:SS     Idx      %      %      %      %      %      %     MB     MB     MB 
 20260726    13:58:34       0      0      0      0      0      0      0     44      4      0 
 20260726    13:58:35       0      0      0      0      0      0      0     44      4      0 
 20260726    13:58:36       0      3      0      0      0      0      0    637      6      0 
 20260726    13:58:37       0      6      1      0      0      0      0   1421      6      0 
 20260726    13:58:38       0      0      0      0      0      0      0   1421      6      0 
 20260726    13:58:39       0      0      0      0      0      0      0   1421      6      0 
 20260726    13:58:40       0      0      0      0      0      0      0   1469      6      0 
 20260726    13:58:41       0      0      0      0      0      0      0   1187      6      0 
 20260726    13:58:42       0     53     28      0      0      0      0   1719      6      0 
 20260726    13:58:43       0     65     38      0      0      0      0   1719      6      0 
 20260726    13:58:44       0     63     37      0      0      0      0   1071      6      0 
 20260726    13:58:45       0     64     38      0      0      0      0   2669      6      0 
 20260726    13:58:46       0     66     39      0      0      0      0   2669      6      0 
 20260726    13:58:47       0     63     37      0      0      0      0   2123      6      0 
 20260726    13:58:48       0     65     39      0      0      0      0   1299      6      0 
 20260726    13:58:49       0     14      7      0      0      0      0   2707      6      0 
 20260726    13:58:50       0     64     37      0      0      0      0   2711      6      0 
 20260726    13:58:51       0     28     18      0      0      0      0   2711      6      0 
 20260726    13:58:52       0     30     14      0      0      0      0   2707      6      0 
 20260726    13:58:53       0      0      0      0      0      0      0   2711      6      0 
 20260726    13:58:54       0     32     21      0      0      0      0   2707      6      0 
 20260726    13:58:55       0     64     38      0      0      0      0   2711      6      0 
 20260726    13:58:56       0     60     39      0      0      0      0   2711      6      0 
 20260726    13:58:57       0     69     45      0      0      0      0   2659      6      0 
 20260726    13:58:58       0     51     33      0      0      0      0   2711      6      0 
 20260726    13:58:59       0     12      2      0      0      0      0   1133      6      0 
 20260726    13:59:00       0     21     12      0      0      0      0   2711      6      0 
 20260726    13:59:01       0     20     12      0      0      0      0   2711      6      0 
 20260726    13:59:02       0     14      1      0      0      0      0   2711      6      0 
 20260726    13:59:03       0      9      0      0      0      0      0   1757      6      0 
 20260726    13:59:04       0      0      0      0      0      0      0   1133      6      0 
 20260726    13:59:05       0     18     11      0      0      0      0   2707      6      0 
 20260726    13:59:06       0     81     53      0      0      0      0   2711      6      0 
 20260726    13:59:07       0      9      0      0      0      0      0   1133      6      0 
 20260726    13:59:08       0      0      0      0      0      0      0   2711      6      0 
 20260726    13:59:09       0     47     26      0      0      0      0   2711      6      0 
 20260726    13:59:10       0      0      0      0      0      0      0   2711      6      0 
 20260726    13:59:11       0     26     12      0      0      0      0   2711      6      0 
 20260726    13:59:12       0     41     27      0      0      0      0   2707      6      0 
 20260726    13:59:13       0     82     54      0      0      0      0   2711      6      0 
 20260726    13:59:14       0     29     14      0      0      0      0   2711      6      0 
 20260726    13:59:15       0     37     13      0      0      0      0   2711      6      0 
 20260726    13:59:16       0     21     12      0      0      0      0   2711      6      0 
 20260726    13:59:17       0     53     34      0      0      0      0   1133      6      0 
#Date        Time         gpu     sm    mem    enc    dec    jpg    ofa     fb   bar1   ccpm 
#YYYYMMDD    HH:MM:SS     Idx      %      %      %      %      %      %     MB     MB     MB 
 20260726    13:59:18       0     39     23      0      0      0      0   2711      6      0 
 20260726    13:59:19       0     39     11      0      0      0      0   1133      6      0 
 20260726    13:59:20       0     21     12      0      0      0      0   2711      6      0 
 20260726    13:59:21       0     28     18      0      0      0      0   2707      6      0 
 20260726    13:59:22       0     55     36      0      0      0      0   2711      6      0 
 20260726    13:59:23       0     32     16      0      0      0      0   2713      6      0 
 20260726    13:59:24       0     13      0      0      0      0      0   2707      6      0 
 20260726    13:59:25       0      8      5      0      0      0      0   2711      6      0 
 20260726    13:59:26       0      7      0      0      0      0      0   2711      6      0 
 20260726    13:59:28       0     10      6      0      0      0      0   1133      6      0 
 20260726    13:59:29       0      0      0      0      0      0      0   2713      6      0 
 20260726    13:59:30       0     21      2      0      0      0      0   2707      6      0 
 20260726    13:59:31       0     21     12      0      0      0      0   2711      6      0 
 20260726    13:59:32       0     45     30      0      0      0      0   2711      6      0 
 20260726    13:59:33       0     24     15      0      0      0      0   2707      6      0 
 20260726    13:59:34       0     15      9      0      0      0      0   2711      6      0 
 20260726    13:59:35       0     82     53      0      0      0      0   2711      6      0 
 20260726    13:59:36       0     45     27      0      0      0      0   2707      6      0 
 20260726    13:59:37       0     21     12      0      0      0      0   2711      6      0 
 20260726    13:59:38       0      0      0      0      0      0      0   2711      6      0 
 20260726    13:59:39       0     44     29      0      0      0      0   2711      6      0 
 20260726    13:59:40       0     34     18      0      0      0      0   2711      6      0 
 20260726    13:59:41       0     78     51      0      0      0      0   2711      6      0 
 20260726    13:59:42       0     54     34      0      0      0      0   1133      6      0 
 20260726    13:59:43       0      0      0      0      0      0      0   1133      6      0 
 20260726    13:59:44       0     21     12      0      0      0      0   2711      6      0 
 20260726    13:59:45       0     62     40      0      0      0      0   2711      6      0 
 20260726    13:59:46       0     47     29      0      0      0      0   2711      6      0 
 20260726    13:59:47       0     21     12      0      0      0      0   2707      6      0 
 20260726    13:59:48       0     35     18      0      0      0      0   2711      6      0 
 20260726    13:59:49       0     29     12      0      0      0      0   2711      6      0 
 20260726    13:59:50       0     21     12      0      0      0      0   2711      6      0 
 20260726    13:59:51       0     24     14      0      0      0      0   1133      6      0 
 20260726    13:59:52       0     37     15      0      0      0      0   2713      6      0 
 20260726    13:59:53       0     21     12      0      0      0      0   2711      6      0 
 20260726    13:59:54       0     12      7      0      0      0      0   2711      6      0 
 20260726    13:59:55       0      5      3      0      0      0      0   2711      6      0 
 20260726    13:59:56       0     76     50      0      0      0      0   1133      6      0 
 20260726    13:59:57       0     37     18      0      0      0      0   2711      6      0 
 20260726    13:59:58       0     18     11      0      0      0      0   2711      6      0 
 20260726    13:59:59       0     76     50      0      0      0      0   2707      6      0 
 20260726    14:00:00       0     20      3      0      0      0      0   2713      6      0 
 20260726    14:00:01       0     20     11      0      0      0      0   2711      6      0 
 20260726    14:00:02       0      0      0      0      0      0      0   2711      6      0 
#Date        Time         gpu     sm    mem    enc    dec    jpg    ofa     fb   bar1   ccpm 
#YYYYMMDD    HH:MM:SS     Idx      %      %      %      %      %      %     MB     MB     MB 
 20260726    14:00:03       0     23     15      0      0      0      0   2711      6      0 
 20260726    14:00:04       0      0      0      0      0      0      0   2707      6      0 
 20260726    14:00:05       0      7      0      0      0      0      0   2713      6      0 
 20260726    14:00:06       0     38     25      0      0      0      0   2711      6      0 
 20260726    14:00:07       0      7      0      0      0      0      0   2711      6      0 
 20260726    14:00:08       0      0      0      0      0      0      0   2711      6      0 
 20260726    14:00:09       0     55     36      0      0      0      0   2711      6      0 
 20260726    14:00:10       0     14      2      0      0      0      0   2711      6      0 
 20260726    14:00:11       0      0      0      0      0      0      0   1133      6      0 
 20260726    14:00:12       0     57     37      0      0      0      0   2711      6      0 
 20260726    14:00:13       0     48     28      0      0      0      0   2711      6      0 
 20260726    14:00:14       0     14      0      0      0      0      0   2711      6      0 
 20260726    14:00:15       0      7      4      0      0      0      0   2711      6      0 
 20260726    14:00:16       0     65     43      0      0      0      0   2707      6      0 
 20260726    14:00:17       0     51     31      0      0      0      0   2711      6      0 
 20260726    14:00:18       0     21     12      0      0      0      0   2711      6      0 
 20260726    14:00:19       0     49     32      0      0      0      0   2707      6      0 
 20260726    14:00:20       0     16      9      0      0      0      0   2711      6      0 
 20260726    14:00:21       0     83     54      0      0      0      0   2711      6      0 
 20260726    14:00:22       0     45     25      0      0      0      0   2711      6      0 
 20260726    14:00:23       0     18     11      0      0      0      0   2711      6      0 
 20260726    14:00:24       0     61     40      0      0      0      0   2711      6      0 
 20260726    14:00:25       0     43     23      0      0      0      0   2713      6      0 
 20260726    14:00:26       0     25     12      0      0      0      0   2711      6      0 
 20260726    14:00:27       0     14      8      0      0      0      0   2707      6      0 
 20260726    14:00:28       0     67     43      0      0      0      0   2711      6      0 
 20260726    14:00:29       0     19      7      0      0      0      0   2713      6      0 
 20260726    14:00:30       0     24      7      0      0      0      0   2707      6      0 
 20260726    14:00:31       0     21     12      0      0      0      0   2711      6      0 
 20260726    14:00:32       0     24     16      0      0      0      0   2711      6      0 
 20260726    14:00:33       0     51     34      0      0      0      0   2711      6      0 
 20260726    14:00:34       0     15      4      0      0      0      0   2711      6      0 
 20260726    14:00:35       0     16      0      0      0      0      0   2707      6      0 
 20260726    14:00:36       0      0      0      0      0      0      0   2711      6      0 
 20260726    14:00:37       0     81     53      0      0      0      0   2711      6      0 
 20260726    14:00:38       0      7      0      0      0      0      0   2711      6      0 
 20260726    14:00:39       0      0      0      0      0      0      0   2711      6      0 
 20260726    14:00:40       0     38     25      0      0      0      0   2711      6      0 
 20260726    14:00:41       0     60     39      0      0      0      0   2711      6      0 
 20260726    14:00:42       0     33     12      0      0      0      0   2707      6      0 
 20260726    14:00:43       0     21     12      0      0      0      0   2711      6      0 
 20260726    14:00:44       0     50     33      0      0      0      0   2711      6      0 
 20260726    14:00:45       0     72     47      0      0      0      0   1133      6      0 
 20260726    14:00:46       0     10      0      0      0      0      0   2711      6      0 
#Date        Time         gpu     sm    mem    enc    dec    jpg    ofa     fb   bar1   ccpm 
#YYYYMMDD    HH:MM:SS     Idx      %      %      %      %      %      %     MB     MB     MB 
 20260726    14:00:47       0     45     33      0      0      0      0   2707      6      0 
 20260726    14:00:48       0     21     12      0      0      0      0   2711      6      0 
 20260726    14:00:49       0      5      3      0      0      0      0   2711      6      0 
 20260726    14:00:50       0     83     54      0      0      0      0   2707      6      0 
 20260726    14:00:51       0      7      0      0      0      0      0   2711      6      0 
 20260726    14:00:52       0      0      0      0      0      0      0   2711      6      0 
 20260726    14:00:53       0     37     24      0      0      0      0   2711      6      0 
 20260726    14:00:54       0     55     34      0      0      0      0   2711      6      0 
 20260726    14:00:55       0     45     28      0      0      0      0   2707      6      0 
 20260726    14:00:56       0     26     10      0      0      0      0   2711      6      0 
 20260726    14:00:57       0     39     25      0      0      0      0   2711      6      0 
 20260726    14:00:58       0     82     53      0      0      0      0   2707      6      0 
 20260726    14:00:59       0     13      2      0      0      0      0   2711      6      0 
 20260726    14:01:00       0     23      1      0      0      0      0   2711      6      0 
 20260726    14:01:01       0     26     12      0      0      0      0   2711      6      0 
 20260726    14:01:02       0      3      1      0      0      0      0   2711      6      0 
 20260726    14:01:03       0      8      5      0      0      0      0   2707      6      0 
 20260726    14:01:04       0     32     15      0      0      0      0   2711      6      0 
 20260726    14:01:05       0     21      5      0      0      0      0   2711      6      0 
 20260726    14:01:06       0     21     12      0      0      0      0   2711      6      0 
 20260726    14:01:07       0     12      0      0      0      0      0   2711      6      0 
 20260726    14:01:08       0     18     11      0      0      0      0   1133      6      0 
 20260726    14:01:09       0     35     22      0      0      0      0   2711      6      0 
 20260726    14:01:10       0     83     54      0      0      0      0   2711      6      0 
 20260726    14:01:11       0      8      0      0      0      0      0   2711      6      0 
 20260726    14:01:12       0      6      2      0      0      0      0   2711      6      0 
 20260726    14:01:13       0     14      8      0      0      0      0   1133      6      0 
 20260726    14:01:14       0      0      0      0      0      0      0   2711      6      0 
 20260726    14:01:15       0     21     12      0      0      0      0   2711      6      0 
 20260726    14:01:16       0     54     36      0      0      0      0   2711      6      0 
 20260726    14:01:17       0     40     20      0      0      0      0   2711      6      0 
 20260726    14:01:18       0      8      0      0      0      0      0   2711      6      0 
 20260726    14:01:19       0     18     11      0      0      0      0   2707      6      0 
 20260726    14:01:20       0     69     45      0      0      0      0   2711      6      0 
 20260726    14:01:21       0     76     50      0      0      0      0   2711      6      0 
 20260726    14:01:22       0     67     44      0      0      0      0   2711      6      0 
 20260726    14:01:23       0     18     11      0      0      0      0   2707      6      0 
 20260726    14:01:24       0     63     41      0      0      0      0   2711      6      0 
 20260726    14:01:25       0     83     54      0      0      0      0   2711      6      0 
 20260726    14:01:26       0     10      2      0      0      0      0   2615      6      0 
 20260726    14:01:27       0     23      9      0      0      0      0   2711      6      0 
 20260726    14:01:28       0     18     11      0      0      0      0   2707      6      0 
 20260726    14:01:29       0     17     10      0      0      0      0   2711      6      0 
 20260726    14:01:30       0     26     15      0      0      0      0   2711      6      0 
#Date        Time         gpu     sm    mem    enc    dec    jpg    ofa     fb   bar1   ccpm 
#YYYYMMDD    HH:MM:SS     Idx      %      %      %      %      %      %     MB     MB     MB 
 20260726    14:01:31       0     44     39      0      0      0      0   2711      6      0 
 20260726    14:01:32       0     22      6      0      0      0      0   2711      6      0 
 20260726    14:01:33       0     43     25      0      0      0      0   2711      6      0 
 20260726    14:01:34       0     26     12      0      0      0      0   2711      6      0 
 20260726    14:01:35       0      0      0      0      0      0      0   2711      6      0 
 20260726    14:01:36       0      3      2      0      0      0      0   2707      6      0 
 20260726    14:01:37       0      1      0      0      0      0      0   2711      6      0 
 20260726    14:01:38       0     18     11      0      0      0      0   1133      6      0 
 20260726    14:01:39       0      0      0      0      0      0      0   1133      6      0 
 20260726    14:01:40       0      0      0      0      0      0      0   1133      6      0 
 20260726    14:01:41       0      0      0      0      0      0      0   1133      6      0 
 20260726    14:01:42       0      0      0      0      0      0      0   1133      6      0 
 20260726    14:01:43       0      0      0      0      0      0      0   1133      6      0 
